0.008851041	0
0.021084144	0
0.033317247	0
0.04555035	0
0.057783453	0
0.070016556	0
0.082249659	0
0.094482762	0
0.106715865	0
0.118948968	0
0.131182071	0
0.143415174	0
0.155648277	0
0.16788138	0
0.180114483	0
0.192347586	0
0.204580689	0
0.216813792	0
0.229046895	0
0.241279998	0
0.253513101	0
0.265746204	0
0.277979307	0
0.29021241	0
0.302445513	0
0.314678616	0
0.326911719	0
0.339144822	0
0.351377925	0
0.363611028	0
0.375844131	0
0.388077234	0
0.400310337	0
0.41254344	0
0.424776543	0
0.437009646	0
0.449242749	0
0.461475852	0
0.473708955	2
0.485942058	1
0.498175161	2
0.510408264	0
0.522641367	1
0.53487447	1
0.547107573	8
0.559340676	1
0.571573779	7
0.583806882	12
0.596039985	9
0.608273088	10
0.620506191	12
0.632739294	9
0.644972397	11
0.6572055	11
0.669438603	11
0.681671706	8
0.693904809	15
0.706137912	9
0.718371015	2
0.730604118	7
0.742837221	5
0.755070324	3
0.767303427	2
0.77953653	3
0.791769633	2
0.804002736	2
0.816235839	5
0.828468942	4
0.840702045	2
0.852935148	2
0.865168251	2
0.877401354	5
0.889634457	3
0.90186756	5
0.914100663	4
0.926333766	3
0.938566869	3
0.950799972	4
0.963033075	2
0.975266178	3
0.987499281	4
0.999732384	5
1.011965487	3
1.02419859	3
1.036431693	2
1.048664796	2
1.060897899	4
1.073131002	4
1.085364105	4
1.097597208	4
1.109830311	4
1.122063414	2
1.134296517	6
1.14652962	3
1.158762723	1
1.170995826	3
1.183228929	5
1.195462032	6
1.207695135	2
1.219928238	2
1.232161341	5
1.244394444	4
1.256627547	5
1.26886065	4
1.281093753	2
1.293326856	2
1.305559959	3
1.317793062	3
1.330026165	2
1.342259268	4
1.354492371	0
1.366725474	1
1.378958577	4
1.39119168	3
1.403424783	2
1.415657886	3
1.427890989	3
1.440124092	3
1.452357195	6
1.464590298	7
1.476823401	5
1.489056504	7
1.501289607	6
1.51352271	9
1.525755813	3
1.537988916	6
1.550222019	0
1.562455122	2
1.574688225	2
1.586921328	1
1.599154431	3
1.611387534	1
1.623620637	3
1.63585374	3
1.648086843	4
1.660319946	2
1.672553049	3
1.684786152	3
1.697019255	6
1.709252358	3
1.721485461	11
1.733718564	5
1.745951667	5
1.75818477	4
1.770417873	13
1.782650976	10
1.794884079	10
1.807117182	12
1.819350285	8
1.831583388	14
1.843816491	11
1.856049594	17
1.868282697	11
1.8805158	8
1.892748903	6
1.904982006	6
1.917215109	7
1.929448212	3
1.941681315	8
1.953914418	3
1.966147521	1
1.978380624	3
1.990613727	6
2.00284683	3
2.015079933	6
2.027313036	5
2.039546139	7
2.051779242	7
2.064012345	2
2.076245448	8
2.088478551	5
2.100711654	9
2.112944757	5
2.12517786	9
2.137410963	9
2.149644066	11
2.161877169	11
2.174110272	5
2.186343375	13
2.198576478	9
2.210809581	12
2.223042684	16
2.235275787	24
2.24750889	35
2.259741993	48
2.271975096	100
2.284208199	125
2.296441302	172
2.308674405	271
2.320907508	321
2.333140611	380
2.345373714	367
2.357606817	380
2.36983992	325
2.382073023	373
2.394306126	321
2.406539229	311
2.418772332	358
2.431005435	303
2.443238538	320
2.455471641	305
2.467704744	255
2.479937847	174
2.49217095	134
2.504404053	94
2.516637156	61
2.528870259	37
2.541103362	20
2.553336465	14
2.565569568	16
2.577802671	17
2.590035774	21
2.602268877	19
2.61450198	30
2.626735083	48
2.638968186	65
2.651201289	75
2.663434392	68
2.675667495	93
2.687900598	96
2.700133701	79
2.712366804	70
2.724599907	62
2.73683301	56
2.749066113	35
2.761299216	24
2.773532319	35
2.785765422	38
2.797998525	44
2.810231628	45
2.822464731	42
2.834697834	50
2.846930937	54
2.85916404	51
2.871397143	73
2.883630246	59
2.895863349	78
2.908096452	100
2.920329555	102
2.932562658	128
2.944795761	154
2.957028864	114
2.969261967	144
2.98149507	114
2.993728173	94
3.005961276	83
3.018194379	45
3.030427482	36
3.042660585	27
3.054893688	28
3.067126791	22
3.079359894	13
3.091592997	18
3.1038261	17
3.116059203	15
3.128292306	23
3.140525409	26
3.152758512	22
3.164991615	34
3.177224718	30
3.189457821	27
3.201690924	30
3.213924027	27
3.22615713	33
3.238390233	40
3.250623336	37
3.262856439	58
3.275089542	67
3.287322645	77
3.299555748	80
3.311788851	77
3.324021954	84
3.336255057	84
3.34848816	50
3.360721263	58
3.372954366	43
3.385187469	26
3.397420572	21
3.409653675	14
3.421886778	11
3.434119881	11
3.446352984	6
3.458586087	14
3.47081919	11
3.483052293	23
3.495285396	24
3.507518499	39
3.519751602	50
3.531984705	101
3.544217808	110
3.556450911	159
3.568684014	189
3.580917117	260
3.59315022	270
3.605383323	266
3.617616426	254
3.629849529	236
3.642082632	184
3.654315735	135
3.666548838	104
3.678781941	58
3.691015044	45
3.703248147	44
3.71548125	31
3.727714353	24
3.739947456	21
3.752180559	27
3.764413662	48
3.776646765	57
3.788879868	79
3.801112971	115
3.813346074	120
3.825579177	115
3.83781228	149
3.850045383	169
3.862278486	162
3.874511589	155
3.886744692	161
3.898977795	132
3.911210898	115
3.923444001	89
3.935677104	74
3.947910207	62
3.96014331	51
3.972376413	41
3.984609516	43
3.996842619	28
4.009075722	28
4.021308825	30
4.033541928	21
4.045775031	22
4.058008134	29
4.070241237	50
4.08247434	50
4.094707443	43
4.106940546	48
4.119173649	36
4.131406752	44
4.143639855	48
4.155872958	23
4.168106061	24
4.180339164	21
4.192572267	10
4.20480537	16
4.217038473	9
4.229271576	13
4.241504679	12
4.253737782	16
4.265970885	9
4.278203988	13
4.290437091	14
4.302670194	29
4.314903297	23
4.3271364	26
4.339369503	28
4.351602606	33
4.363835709	30
4.376068812	27
4.388301915	22
4.400535018	26
4.412768121	20
4.425001224	17
4.437234327	8
4.44946743	15
4.461700533	25
4.473933636	25
4.486166739	21
4.498399842	17
4.510632945	22
4.522866048	22
4.535099151	22
4.547332254	24
4.559565357	31
4.57179846	31
4.584031563	24
4.596264666	22
4.608497769	30
4.620730872	14
4.632963975	27
4.645197078	16
4.657430181	15
4.669663284	16
4.681896387	15
4.69412949	25
4.706362593	18
4.718595696	14
4.730828799	21
4.743061902	28
4.755295005	23
4.767528108	42
4.779761211	32
4.791994314	51
4.804227417	53
4.81646052	64
4.828693623	54
4.840926726	64
4.853159829	67
4.865392932	50
4.877626035	45
4.889859138	45
4.902092241	37
4.914325344	20
4.926558447	16
4.93879155	17
4.951024653	15
4.963257756	11
4.975490859	8
4.987723962	10
4.999957065	8
5.012190168	7
5.024423271	15
5.036656374	10
5.048889477	3
5.06112258	6
5.073355683	9
5.085588786	10
5.097821889	9
5.110054992	5
5.122288095	8
5.134521198	11
5.146754301	10
5.158987404	11
5.171220507	17
5.18345361	12
5.195686713	22
5.207919816	34
5.220152919	23
5.232386022	43
5.244619125	49
5.256852228	34
5.269085331	51
5.281318434	46
5.293551537	46
5.30578464	36
5.318017743	32
5.330250846	35
5.342483949	27
5.354717052	39
5.366950155	27
5.379183258	29
5.391416361	23
5.403649464	24
5.415882567	24
5.42811567	14
5.440348773	23
5.452581876	12
5.464814979	9
5.477048082	15
5.489281185	15
5.501514288	11
5.513747391	17
5.525980494	16
5.538213597	13
5.5504467	14
5.562679803	15
5.574912906	26
5.587146009	24
5.599379112	21
5.611612215	26
5.623845318	34
5.636078421	15
5.648311524	18
5.660544627	22
5.67277773	21
5.685010833	20
5.697243936	19
5.709477039	14
5.721710142	15
5.733943245	20
5.746176348	4
5.758409451	22
5.770642554	11
5.782875657	12
5.79510876	15
5.807341863	13
5.819574966	13
5.831808069	16
5.844041172	15
5.856274275	19
5.868507378	12
5.880740481	18
5.892973584	24
5.905206687	15
5.91743979	21
5.929672893	21
5.941905996	19
5.954139099	19
5.966372202	23
5.978605305	19
5.990838408	17
6.003071511	11
6.015304614	24
6.027537717	27
6.03977082	20
6.052003923	28
6.064237026	27
6.076470129	28
6.088703232	20
6.100936335	24
6.113169438	28
6.125402541	29
6.137635644	22
6.149868747	16
6.16210185	23
6.174334953	23
6.186568056	26
6.198801159	12
6.211034262	18
6.223267365	16
6.235500468	18
6.247733571	11
6.259966674	16
6.272199777	17
6.28443288	14
6.296665983	25
6.308899086	28
6.321132189	21
6.333365292	11
6.345598395	22
6.357831498	20
6.370064601	20
6.382297704	19
6.394530807	27
6.40676391	23
6.418997013	21
6.431230116	15
6.443463219	15
6.455696322	24
6.467929425	12
6.480162528	19
6.492395631	19
6.504628734	17
6.516861837	8
6.52909494	11
6.541328043	13
6.553561146	11
6.565794249	14
6.578027352	17
6.590260455	16
6.602493558	15
6.614726661	10
6.626959764	18
6.639192867	11
6.65142597	10
6.663659073	14
6.675892176	16
6.688125279	25
6.700358382	15
6.712591485	14
6.724824588	17
6.737057691	16
6.749290794	15
6.761523897	11
6.773757	15
6.785990103	19
6.798223206	18
6.810456309	17
6.822689412	15
6.834922515	20
6.847155618	25
6.859388721	19
6.871621824	26
6.883854927	16
6.89608803	16
6.908321133	15
6.920554236	18
6.932787339	21
6.945020442	13
6.957253545	20
6.969486648	21
6.981719751	16
6.993952854	13
7.006185957	18
7.01841906	10
7.030652163	18
7.042885266	19
7.055118369	21
7.067351472	9
7.079584575	24
7.091817678	24
7.104050781	19
7.116283884	13
7.128516987	19
7.14075009	18
7.152983193	21
7.165216296	16
7.177449399	14
7.189682502	10
7.201915605	12
7.214148708	17
7.226381811	19
7.238614914	21
7.250848017	20
7.26308112	17
7.275314223	19
7.287547326	21
7.299780429	20
7.312013532	13
7.324246635	18
7.336479738	13
7.348712841	16
7.360945944	15
7.373179047	19
7.38541215	25
7.397645253	18
7.409878356	19
7.422111459	21
7.434344562	17
7.446577665	27
7.458810768	20
7.471043871	31
7.483276974	23
7.495510077	20
7.50774318	24
7.519976283	31
7.532209386	23
7.544442489	22
7.556675592	22
7.568908695	19
7.581141798	15
7.593374901	10
7.605608004	15
7.617841107	15
7.63007421	13
7.642307313	19
7.654540416	8
7.666773519	15
7.679006622	12
7.691239725	18
7.703472828	15
7.715705931	14
7.727939034	12
7.740172137	16
7.75240524	19
7.764638343	14
7.776871446	12
7.789104549	16
7.801337652	25
7.813570755	15
7.825803858	21
7.838036961	17
7.850270064	12
7.862503167	18
7.87473627	20
7.886969373	19
7.899202476	25
7.911435579	22
7.923668682	24
7.935901785	11
7.948134888	14
7.960367991	17
7.972601094	34
7.984834197	21
7.9970673	27
8.009300403	31
8.021533506	25
8.033766609	27
8.045999712	24
8.058232815	33
8.070465918	21
8.082699021	29
8.094932124	33
8.107165227	20
8.11939833	27
8.131631433	27
8.143864536	23
8.156097639	25
8.168330742	23
8.180563845	26
8.192796948	23
8.205030051	25
8.217263154	21
8.229496257	19
8.24172936	27
8.253962463	30
8.266195566	34
8.278428669	32
8.290661772	27
8.302894875	21
8.315127978	32
8.327361081	32
8.339594184	27
8.351827287	29
8.36406039	33
8.376293493	28
8.388526596	26
8.400759699	21
8.412992802	24
8.425225905	22
8.437459008	26
8.449692111	21
8.461925214	16
8.474158317	22
8.48639142	31
8.498624523	25
8.510857626	17
8.523090729	31
8.535323832	16
8.547556935	20
8.559790038	28
8.572023141	26
8.584256244	22
8.596489347	23
8.60872245	26
8.620955553	24
8.633188656	22
8.645421759	24
8.657654862	26
8.669887965	26
8.682121068	27
8.694354171	37
8.706587274	24
8.718820377	29
8.73105348	21
8.743286583	21
8.755519686	27
8.767752789	29
8.779985892	27
8.792218995	33
8.804452098	27
8.816685201	35
8.828918304	28
8.841151407	29
8.85338451	27
8.865617613	19
8.877850716	24
8.890083819	30
8.902316922	16
8.914550025	24
8.926783128	24
8.939016231	33
8.951249334	21
8.963482437	20
8.97571554	30
8.987948643	12
9.000181746	25
9.012414849	33
9.024647952	25
9.036881055	38
9.049114158	38
9.061347261	55
9.073580364	66
9.085813467	77
9.09804657	102
9.110279673	98
9.122512776	106
9.134745879	136
9.146978982	176
9.159212085	213
9.171445188	214
9.183678291	241
9.195911394	195
9.208144497	220
9.2203776	178
9.232610703	201
9.244843806	184
9.257076909	144
9.269310012	136
9.281543115	129
9.293776218	106
9.306009321	101
9.318242424	90
9.330475527	60
9.34270863	59
9.354941733	37
9.367174836	49
9.379407939	38
9.391641042	31
9.403874145	27
9.416107248	24
9.428340351	32
9.440573454	27
9.452806557	24
9.46503966	32
9.477272763	24
9.489505866	25
9.501738969	23
9.513972072	28
9.526205175	31
9.538438278	35
9.550671381	24
9.562904484	34
9.575137587	34
9.58737069	25
9.599603793	27
9.611836896	25
9.624069999	28
9.636303102	24
9.648536205	27
9.660769308	29
9.673002411	27
9.685235514	37
9.697468617	23
9.70970172	22
9.721934823	37
9.734167926	17
9.746401029	33
9.758634132	18
9.770867235	27
9.783100338	23
9.795333441	24
9.807566544	24
9.819799647	30
9.83203275	34
9.844265853	29
9.856498956	35
9.868732059	28
9.880965162	27
9.893198265	26
9.905431368	25
9.917664471	28
9.929897574	27
9.942130677	25
9.95436378	41
9.966596883	45
9.978829986	26
9.991063089	30
10.00329619	37
10.0155293	42
10.0277624	40
10.0399955	42
10.0522286	50
10.06446171	39
10.07669481	44
10.08892791	36
10.10116102	41
10.11339412	39
10.12562722	36
10.13786033	51
10.15009343	47
10.16232653	33
10.17455963	41
10.18679274	47
10.19902584	26
10.21125894	51
10.22349205	48
10.23572515	53
10.24795825	55
10.26019136	57
10.27242446	70
10.28465756	74
10.29689066	91
10.30912377	75
10.32135687	113
10.33358997	148
10.34582308	189
10.35805618	259
10.37028928	326
10.38252239	390
10.39475549	547
10.40698859	679
10.41922169	906
10.4314548	1045
10.4436879	1356
10.455921	1631
10.46815411	1995
10.48038721	2324
10.49262031	2761
10.50485342	3088
10.51708652	3441
10.52931962	3668
10.54155272	3933
10.55378583	4048
10.56601893	4142
10.57825203	4011
10.59048514	3789
10.60271824	3661
10.61495134	3259
10.62718445	2978
10.63941755	2488
10.65165065	2066
10.66388375	1709
10.67611686	1321
10.68834996	1089
10.70058306	790
10.71281617	514
10.72504927	427
10.73728237	274
10.74951548	251
10.76174858	158
10.77398168	122
10.78621478	113
10.79844789	77
10.81068099	61
10.82291409	67
10.8351472	41
10.8473803	46
10.8596134	50
10.87184651	44
10.88407961	35
10.89631271	46
10.90854581	44
10.92077892	43
10.93301202	41
10.94524512	23
10.95747823	39
10.96971133	35
10.98194443	41
10.99417754	35
11.00641064	35
11.01864374	32
11.03087684	26
11.04310995	31
11.05534305	30
11.06757615	25
11.07980926	35
11.09204236	25
11.10427546	32
11.11650857	37
11.12874167	45
11.14097477	32
11.15320787	35
11.16544098	36
11.17767408	42
11.18990718	36
11.20214029	41
11.21437339	46
11.22660649	33
11.2388396	43
11.2510727	47
11.2633058	55
11.2755389	49
11.28777201	54
11.30000511	74
11.31223821	75
11.32447132	74
11.33670442	76
11.34893752	93
11.36117063	87
11.37340373	73
11.38563683	88
11.39786993	82
11.41010304	78
11.42233614	69
11.43456924	60
11.44680235	73
11.45903545	58
11.47126855	54
11.48350166	51
11.49573476	37
11.50796786	45
11.52020096	35
11.53243407	55
11.54466717	37
11.55690027	34
11.56913338	34
11.58136648	48
11.59359958	30
11.60583269	25
11.61806579	34
11.63029889	34
11.64253199	31
11.6547651	52
11.6669982	37
11.6792313	47
11.69146441	38
11.70369751	37
11.71593061	34
11.72816372	34
11.74039682	34
11.75262992	30
11.76486302	30
11.77709613	44
11.78932923	39
11.80156233	35
11.81379544	48
11.82602854	33
11.83826164	46
11.85049475	44
11.86272785	41
11.87496095	41
11.88719405	44
11.89942716	37
11.91166026	39
11.92389336	39
11.93612647	33
11.94835957	39
11.96059267	37
11.97282578	50
11.98505888	49
11.99729198	49
12.00952508	49
12.02175819	53
12.03399129	69
12.04622439	56
12.0584575	63
12.0706906	67
12.0829237	98
12.09515681	98
12.10738991	102
12.11962301	101
12.13185611	116
12.14408922	107
12.15632232	125
12.16855542	115
12.18078853	126
12.19302163	136
12.20525473	135
12.21748784	154
12.22972094	172
12.24195404	172
12.25418714	192
12.26642025	181
12.27865335	204
12.29088645	185
12.30311956	192
12.31535266	203
12.32758576	207
12.33981887	208
12.35205197	209
12.36428507	172
12.37651817	173
12.38875128	187
12.40098438	196
12.41321748	183
12.42545059	216
12.43768369	236
12.44991679	253
12.4621499	333
12.474383	436
12.4866161	616
12.4988492	708
12.51108231	902
12.52331541	1130
12.53554851	1353
12.54778162	1620
12.56001472	1915
12.57224782	2113
12.58448093	2550
12.59671403	2746
12.60894713	2871
12.62118023	3062
12.63341334	2943
12.64564644	3015
12.65787954	2946
12.67011265	2772
12.68234575	2566
12.69457885	2376
12.70681196	2034
12.71904506	1771
12.73127816	1541
12.74351126	1371
12.75574437	1126
12.76797747	902
12.78021057	783
12.79244368	649
12.80467678	531
12.81690988	447
12.82914299	375
12.84137609	335
12.85360919	299
12.86584229	234
12.8780754	211
12.8903085	188
12.9025416	176
12.91477471	170
12.92700781	139
12.93924091	165
12.95147402	149
12.96370712	137
12.97594022	134
12.98817332	185
13.00040643	142
13.01263953	161
13.02487263	167
13.03710574	140
13.04933884	158
13.06157194	151
13.07380505	129
13.08603815	111
13.09827125	94
13.11050435	94
13.12273746	90
13.13497056	69
13.14720366	71
13.15943677	53
13.17166987	58
13.18390297	37
13.19613608	50
13.20836918	38
13.22060228	37
13.23283538	28
13.24506849	30
13.25730159	32
13.26953469	28
13.2817678	23
13.2940009	21
13.306234	32
13.31846711	22
13.33070021	14
13.34293331	31
13.35516641	21
13.36739952	27
13.37963262	20
13.39186572	20
13.40409883	14
13.41633193	23
13.42856503	17
13.44079814	19
13.45303124	23
13.46526434	24
13.47749744	16
13.48973055	19
13.50196365	7
13.51419675	21
13.52642986	20
13.53866296	17
13.55089606	11
13.56312917	17
13.57536227	13
13.58759537	10
13.59982847	16
13.61206158	16
13.62429468	13
13.63652778	16
13.64876089	12
13.66099399	11
13.67322709	23
13.6854602	18
13.6976933	16
13.7099264	17
13.7221595	27
13.73439261	13
13.74662571	10
13.75885881	22
13.77109192	11
13.78332502	18
13.79555812	16
13.80779123	19
13.82002433	15
13.83225743	19
13.84449053	14
13.85672364	13
13.86895674	18
13.88118984	12
13.89342295	17
13.90565605	16
13.91788915	20
13.93012226	14
13.94235536	20
13.95458846	16
13.96682156	24
13.97905467	14
13.99128777	11
14.00352087	15
14.01575398	24
14.02798708	17
14.04022018	21
14.05245329	15
14.06468639	16
14.07691949	12
14.08915259	19
14.1013857	20
14.1136188	14
14.1258519	14
14.13808501	18
14.15031811	14
14.16255121	15
14.17478432	15
14.18701742	23
14.19925052	18
14.21148362	9
14.22371673	15
14.23594983	21
14.24818293	25
14.26041604	30
14.27264914	27
14.28488224	27
14.29711535	18
14.30934845	23
14.32158155	28
14.33381465	33
14.34604776	30
14.35828086	25
14.37051396	26
14.38274707	24
14.39498017	29
14.40721327	18
14.41944638	13
14.43167948	29
14.44391258	22
14.45614568	17
14.46837879	28
14.48061189	23
14.49284499	17
14.5050781	19
14.5173112	29
14.5295443	25
14.54177741	33
14.55401051	27
14.56624361	29
14.57847671	26
14.59070982	46
14.60294292	63
14.61517602	61
14.62740913	78
14.63964223	85
14.65187533	90
14.66410844	107
14.67634154	151
14.68857464	120
14.70080774	209
14.71304085	213
14.72527395	231
14.73750705	252
14.74974016	282
14.76197326	300
14.77420636	282
14.78643947	320
14.79867257	324
14.81090567	297
14.82313877	277
14.83537188	235
14.84760498	226
14.85983808	222
14.87207119	181
14.88430429	171
14.89653739	142
14.9087705	119
14.9210036	101
14.9332367	77
14.9454698	63
14.95770291	67
14.96993601	44
14.98216911	39
14.99440222	45
15.00663532	38
15.01886842	44
15.03110153	50
15.04333463	44
15.05556773	48
15.06780083	58
15.08003394	52
15.09226704	63
15.10450014	73
15.11673325	77
15.12896635	88
15.14119945	91
15.15343256	73
15.16566566	78
15.17789876	88
15.19013186	101
15.20236497	96
15.21459807	87
15.22683117	88
15.23906428	86
15.25129738	75
15.26353048	65
15.27576359	68
15.28799669	51
15.30022979	64
15.31246289	42
15.324696	40
15.3369291	33
15.3491622	42
15.36139531	26
15.37362841	30
15.38586151	34
15.39809462	28
15.41032772	26
15.42256082	21
15.43479392	14
15.44702703	14
15.45926013	15
15.47149323	8
15.48372634	14
15.49595944	15
15.50819254	15
15.52042565	13
15.53265875	5
15.54489185	19
15.55712495	13
15.56935806	17
15.58159116	10
15.59382426	14
15.60605737	8
15.61829047	22
15.63052357	10
15.64275668	20
15.65498978	13
15.66722288	16
15.67945598	15
15.69168909	14
15.70392219	27
15.71615529	28
15.7283884	21
15.7406215	21
15.7528546	29
15.76508771	31
15.77732081	24
15.78955391	17
15.80178701	22
15.81402012	25
15.82625322	32
15.83848632	18
15.85071943	25
15.86295253	25
15.87518563	15
15.88741874	21
15.89965184	19
15.91188494	16
15.92411804	16
15.93635115	11
15.94858425	12
15.96081735	14
15.97305046	8
15.98528356	14
15.99751666	8
16.00974977	11
16.02198287	6
16.03421597	6
16.04644907	9
16.05868218	8
16.07091528	5
16.08314838	11
16.09538149	7
16.10761459	12
16.11984769	12
16.1320808	3
16.1443139	9
16.156547	8
16.1687801	15
16.18101321	10
16.19324631	11
16.20547941	6
16.21771252	4
16.22994562	12
16.24217872	7
16.25441183	5
16.26664493	10
16.27887803	5
16.29111113	9
16.30334424	9
16.31557734	9
16.32781044	9
16.34004355	8
16.35227665	9
16.36450975	7
16.37674286	7
16.38897596	12
16.40120906	11
16.41344216	4
16.42567527	11
16.43790837	8
16.45014147	10
16.46237458	6
16.47460768	7
16.48684078	5
16.49907389	14
16.51130699	12
16.52354009	11
16.53577319	13
16.5480063	10
16.5602394	12
16.5724725	11
16.58470561	10
16.59693871	7
16.60917181	12
16.62140492	9
16.63363802	13
16.64587112	9
16.65810422	16
16.67033733	11
16.68257043	6
16.69480353	10
16.70703664	12
16.71926974	8
16.73150284	7
16.74373595	8
16.75596905	9
16.76820215	7
16.78043525	20
16.79266836	10
16.80490146	13
16.81713456	10
16.82936767	9
16.84160077	10
16.85383387	10
16.86606698	10
16.87830008	11
16.89053318	20
16.90276628	11
16.91499939	10
16.92723249	7
16.93946559	17
16.9516987	11
16.9639318	7
16.9761649	9
16.98839801	8
17.00063111	12
17.01286421	4
17.02509731	9
17.03733042	12
17.04956352	10
17.06179662	13
17.07402973	4
17.08626283	7
17.09849593	7
17.11072904	10
17.12296214	10
17.13519524	10
17.14742834	10
17.15966145	10
17.17189455	5
17.18412765	7
17.19636076	9
17.20859386	9
17.22082696	7
17.23306007	9
17.24529317	12
17.25752627	8
17.26975937	11
17.28199248	14
17.29422558	12
17.30645868	7
17.31869179	9
17.33092489	9
17.34315799	8
17.3553911	20
17.3676242	12
17.3798573	9
17.3920904	10
17.40432351	8
17.41655661	13
17.42878971	15
17.44102282	11
17.45325592	13
17.46548902	13
17.47772213	12
17.48995523	20
17.50218833	10
17.51442143	14
17.52665454	15
17.53888764	8
17.55112074	18
17.56335385	8
17.57558695	10
17.58782005	16
17.60005316	8
17.61228626	11
17.62451936	12
17.63675246	9
17.64898557	10
17.66121867	8
17.67345177	10
17.68568488	13
17.69791798	13
17.71015108	18
17.72238419	7
17.73461729	9
17.74685039	12
17.75908349	10
17.7713166	9
17.7835497	14
17.7957828	5
17.80801591	11
17.82024901	10
17.83248211	11
17.84471522	10
17.85694832	9
17.86918142	10
17.88141452	5
17.89364763	16
17.90588073	15
17.91811383	10
17.93034694	5
17.94258004	12
17.95481314	11
17.96704625	11
17.97927935	8
17.99151245	16
18.00374555	9
18.01597866	16
18.02821176	13
18.04044486	11
18.05267797	12
18.06491107	11
18.07714417	10
18.08937728	14
18.10161038	7
18.11384348	15
18.12607658	12
18.13830969	6
18.15054279	13
18.16277589	12
18.175009	8
18.1872421	10
18.1994752	12
18.21170831	11
18.22394141	10
18.23617451	12
18.24840761	11
18.26064072	13
18.27287382	15
18.28510692	14
18.29734003	13
18.30957313	12
18.32180623	7
18.33403934	13
18.34627244	9
18.35850554	11
18.37073864	15
18.38297175	11
18.39520485	10
18.40743795	9
18.41967106	9
18.43190416	6
18.44413726	11
18.45637037	16
18.46860347	9
18.48083657	8
18.49306967	16
18.50530278	10
18.51753588	9
18.52976898	14
18.54200209	11
18.55423519	12
18.56646829	12
18.5787014	17
18.5909345	16
18.6031676	15
18.6154007	11
18.62763381	14
18.63986691	17
18.65210001	21
18.66433312	18
18.67656622	14
18.68879932	8
18.70103243	16
18.71326553	18
18.72549863	18
18.73773173	27
18.74996484	19
18.76219794	25
18.77443104	19
18.78666415	15
18.79889725	14
18.81113035	23
18.82336346	16
18.83559656	24
18.84782966	44
18.86006276	16
18.87229587	32
18.88452897	17
18.89676207	23
18.90899518	18
18.92122828	25
18.93346138	19
18.94569449	23
18.95792759	23
18.97016069	24
18.98239379	25
18.9946269	22
19.00686	22
19.0190931	28
19.03132621	23
19.04355931	22
19.05579241	28
19.06802552	19
19.08025862	20
19.09249172	23
19.10472482	14
19.11695793	30
19.12919103	17
19.14142413	16
19.15365724	22
19.16589034	24
19.17812344	13
19.19035655	13
19.20258965	21
19.21482275	17
19.22705585	19
19.23928896	23
19.25152206	15
19.26375516	16
19.27598827	14
19.28822137	16
19.30045447	17
19.31268758	9
19.32492068	16
19.33715378	18
19.34938688	24
19.36161999	19
19.37385309	14
19.38608619	13
19.3983193	11
19.4105524	14
19.4227855	15
19.43501861	18
19.44725171	10
19.45948481	17
19.47171791	15
19.48395102	10
19.49618412	15
19.50841722	6
19.52065033	11
19.53288343	13
19.54511653	12
19.55734964	16
19.56958274	12
19.58181584	8
19.59404894	10
19.60628205	17
19.61851515	8
19.63074825	11
19.64298136	15
19.65521446	10
19.66744756	16
19.67968067	11
19.69191377	4
19.70414687	11
19.71637997	16
19.72861308	10
19.74084618	10
19.75307928	14
19.76531239	11
19.77754549	9
19.78977859	6
19.8020117	5
19.8142448	12
19.8264779	13
19.838711	14
19.85094411	7
19.86317721	8
19.87541031	7
19.88764342	18
19.89987652	14
19.91210962	12
19.92434273	16
19.93657583	11
19.94880893	6
19.96104203	9
19.97327514	6
19.98550824	8
19.99774134	7
20.00997445	19
20.02220755	10
20.03444065	21
20.04667376	25
20.05890686	15
20.07113996	17
20.08337306	25
20.09560617	16
20.10783927	21
20.12007237	25
20.13230548	21
20.14453858	21
20.15677168	20
20.16900479	23
20.18123789	22
20.19347099	25
20.20570409	24
20.2179372	24
20.2301703	30
20.2424034	20
20.25463651	32
20.26686961	23
20.27910271	24
20.29133582	17
20.30356892	24
20.31580202	12
20.32803512	26
20.34026823	14
20.35250133	27
20.36473443	17
20.37696754	18
20.38920064	15
20.40143374	19
20.41366685	8
20.42589995	9
20.43813305	11
20.45036615	11
20.46259926	8
20.47483236	10
20.48706546	13
20.49929857	9
20.51153167	6
20.52376477	11
20.53599788	8
20.54823098	9
20.56046408	10
20.57269718	5
20.58493029	7
20.59716339	10
20.60939649	7
20.6216296	8
20.6338627	14
20.6460958	11
20.65832891	13
20.67056201	14
20.68279511	5
20.69502821	14
20.70726132	10
20.71949442	7
20.73172752	11
20.74396063	11
20.75619373	11
20.76842683	11
20.78065994	11
20.79289304	12
20.80512614	12
20.81735924	11
20.82959235	9
20.84182545	7
20.85405855	6
20.86629166	6
20.87852476	11
20.89075786	11
20.90299097	11
20.91522407	9
20.92745717	10
20.93969027	16
20.95192338	12
20.96415648	11
20.97638958	15
20.98862269	21
21.00085579	10
21.01308889	13
21.025322	12
21.0375551	17
21.0497882	10
21.0620213	13
21.07425441	11
21.08648751	14
21.09872061	17
21.11095372	12
21.12318682	23
21.13541992	19
21.14765303	11
21.15988613	11
21.17211923	11
21.18435233	18
21.19658544	15
21.20881854	13
21.22105164	13
21.23328475	5
21.24551785	9
21.25775095	10
21.26998406	14
21.28221716	5
21.29445026	8
21.30668336	7
21.31891647	8
21.33114957	6
21.34338267	18
21.35561578	12
21.36784888	11
21.38008198	10
21.39231509	8
21.40454819	20
21.41678129	14
21.42901439	10
21.4412475	12
21.4534806	15
21.4657137	11
21.47794681	10
21.49017991	14
21.50241301	8
21.51464612	11
21.52687922	10
21.53911232	12
21.55134542	11
21.56357853	6
21.57581163	10
21.58804473	10
21.60027784	8
21.61251094	10
21.62474404	9
21.63697715	10
21.64921025	10
21.66144335	2
21.67367645	11
21.68590956	13
21.69814266	7
21.71037576	10
21.72260887	9
21.73484197	15
21.74707507	7
21.75930818	4
21.77154128	13
21.78377438	6
21.79600748	14
21.80824059	10
21.82047369	10
21.83270679	12
21.8449399	11
21.857173	7
21.8694061	9
21.88163921	9
21.89387231	7
21.90610541	8
21.91833851	11
21.93057162	12
21.94280472	12
21.95503782	12
21.96727093	11
21.97950403	9
21.99173713	5
22.00397024	10
22.01620334	7
22.02843644	4
22.04066954	9
22.05290265	12
22.06513575	8
22.07736885	11
22.08960196	11
22.10183506	9
22.11406816	12
22.12630127	7
22.13853437	8
22.15076747	11
22.16300057	13
22.17523368	10
22.18746678	7
22.19969988	8
22.21193299	11
22.22416609	8
22.23639919	10
22.2486323	13
22.2608654	9
22.2730985	13
22.2853316	7
22.29756471	12
22.30979781	9
22.32203091	7
22.33426402	6
22.34649712	7
22.35873022	11
22.37096333	12
22.38319643	5
22.39542953	12
22.40766263	10
22.41989574	6
22.43212884	4
22.44436194	9
22.45659505	6
22.46882815	1
22.48106125	7
22.49329436	7
22.50552746	5
22.51776056	8
22.52999366	9
22.54222677	9
22.55445987	9
22.56669297	12
22.57892608	12
22.59115918	6
22.60339228	5
22.61562539	7
22.62785849	4
22.64009159	6
22.65232469	13
22.6645578	10
22.6767909	8
22.689024	7
22.70125711	10
22.71349021	7
22.72572331	8
22.73795642	14
22.75018952	11
22.76242262	11
22.77465572	11
22.78688883	11
22.79912193	3
22.81135503	12
22.82358814	10
22.83582124	4
22.84805434	9
22.86028745	12
22.87252055	8
22.88475365	9
22.89698675	6
22.90921986	10
22.92145296	9
22.93368606	8
22.94591917	7
22.95815227	8
22.97038537	6
22.98261848	5
22.99485158	2
23.00708468	6
23.01931778	4
23.03155089	6
23.04378399	9
23.05601709	7
23.0682502	5
23.0804833	6
23.0927164	10
23.10494951	8
23.11718261	7
23.12941571	7
23.14164881	10
23.15388192	9
23.16611502	5
23.17834812	4
23.19058123	10
23.20281433	9
23.21504743	6
23.22728054	8
23.23951364	9
23.25174674	5
23.26397984	6
23.27621295	6
23.28844605	5
23.30067915	4
23.31291226	9
23.32514536	7
23.33737846	7
23.34961157	15
23.36184467	7
23.37407777	6
23.38631087	9
23.39854398	6
23.41077708	11
23.42301018	10
23.43524329	15
23.44747639	4
23.45970949	4
23.4719426	3
23.4841757	7
23.4964088	3
23.5086419	10
23.52087501	8
23.53310811	5
23.54534121	11
23.55757432	2
23.56980742	7
23.58204052	7
23.59427363	7
23.60650673	7
23.61873983	12
23.63097293	5
23.64320604	6
23.65543914	12
23.66767224	6
23.67990535	5
23.69213845	8
23.70437155	6
23.71660466	2
23.72883776	7
23.74107086	0
23.75330396	5
23.76553707	5
23.77777017	4
23.79000327	6
23.80223638	7
23.81446948	7
23.82670258	4
23.83893569	6
23.85116879	5
23.86340189	7
23.87563499	14
23.8878681	10
23.9001012	13
23.9123343	4
23.92456741	5
23.93680051	6
23.94903361	5
23.96126672	9
23.97349982	4
23.98573292	6
23.99796602	6
24.01019913	7
24.02243223	6
24.03466533	7
24.04689844	6
24.05913154	7
24.07136464	6
24.08359775	2
24.09583085	6
24.10806395	5
24.12029705	5
24.13253016	3
24.14476326	4
24.15699636	6
24.16922947	3
24.18146257	6
24.19369567	3
24.20592878	6
24.21816188	0
24.23039498	7
24.24262808	4
24.25486119	3
24.26709429	10
24.27932739	6
24.2915605	3
24.3037936	3
24.3160267	7
24.32825981	4
24.34049291	4
24.35272601	6
24.36495911	11
24.37719222	3
24.38942532	7
24.40165842	6
24.41389153	2
24.42612463	10
24.43835773	10
24.45059084	4
24.46282394	9
24.47505704	5
24.48729014	5
24.49952325	6
24.51175635	5
24.52398945	5
24.53622256	2
24.54845566	2
24.56068876	4
24.57292187	4
24.58515497	6
24.59738807	4
24.60962117	4
24.62185428	7
24.63408738	5
24.64632048	2
24.65855359	6
24.67078669	8
24.68301979	7
24.6952529	2
24.707486	7
24.7197191	5
24.7319522	7
24.74418531	5
24.75641841	3
24.76865151	2
24.78088462	9
24.79311772	6
24.80535082	4
24.81758393	5
24.82981703	3
24.84205013	1
24.85428323	5
24.86651634	5
24.87874944	1
24.89098254	6
24.90321565	5
24.91544875	6
24.92768185	3
24.93991496	5
24.95214806	5
24.96438116	1
24.97661426	6
24.98884737	3
25.00108047	4
25.01331357	2
25.02554668	4
25.03777978	5
25.05001288	7
25.06224599	1
25.07447909	2
25.08671219	8
25.09894529	7
25.1111784	2
25.1234115	1
25.1356446	3
25.14787771	3
25.16011081	4
25.17234391	7
25.18457702	7
25.19681012	5
25.20904322	8
25.22127632	5
25.23350943	1
25.24574253	3
25.25797563	2
25.27020874	7
25.28244184	4
25.29467494	3
25.30690805	5
25.31914115	3
25.33137425	9
25.34360735	2
25.35584046	1
25.36807356	7
25.38030666	3
25.39253977	8
25.40477287	4
25.41700597	7
25.42923908	5
25.44147218	6
25.45370528	8
25.46593838	2
25.47817149	3
25.49040459	4
25.50263769	3
25.5148708	4
25.5271039	2
25.539337	5
25.55157011	3
25.56380321	4
25.57603631	5
25.58826941	5
25.60050252	1
25.61273562	4
25.62496872	4
25.63720183	1
25.64943493	5
25.66166803	3
25.67390114	3
25.68613424	4
25.69836734	7
25.71060044	5
25.72283355	1
25.73506665	3
25.74729975	3
25.75953286	1
25.77176596	6
25.78399906	4
25.79623217	2
25.80846527	6
25.82069837	6
25.83293147	3
25.84516458	6
25.85739768	6
25.86963078	2
25.88186389	6
25.89409699	5
25.90633009	3
25.9185632	2
25.9307963	1
25.9430294	2
25.9552625	5
25.96749561	4
25.97972871	5
25.99196181	5
26.00419492	5
26.01642802	2
26.02866112	11
26.04089423	2
26.05312733	2
26.06536043	0
26.07759353	4
26.08982664	1
26.10205974	5
26.11429284	0
26.12652595	6
26.13875905	1
26.15099215	2
26.16322526	4
26.17545836	4
26.18769146	2
26.19992456	4
26.21215767	6
26.22439077	3
26.23662387	3
26.24885698	3
26.26109008	2
26.27332318	4
26.28555629	0
26.29778939	4
26.31002249	3
26.32225559	0
26.3344887	4
26.3467218	4
26.3589549	0
26.37118801	4
26.38342111	2
26.39565421	3
26.40788732	4
26.42012042	4
26.43235352	2
26.44458662	1
26.45681973	2
26.46905283	3
26.48128593	1
26.49351904	6
26.50575214	2
26.51798524	3
26.53021835	2
26.54245145	3
26.55468455	3
26.56691765	2
26.57915076	2
26.59138386	2
26.60361696	1
26.61585007	0
26.62808317	1
26.64031627	3
26.65254938	2
26.66478248	5
26.67701558	2
26.68924868	2
26.70148179	4
26.71371489	2
26.72594799	0
26.7381811	1
26.7504142	3
26.7626473	3
26.77488041	1
26.78711351	5
26.79934661	7
26.81157971	1
26.82381282	4
26.83604592	0
26.84827902	2
26.86051213	1
26.87274523	0
26.88497833	2
26.89721144	1
26.90944454	2
26.92167764	1
26.93391074	1
26.94614385	3
26.95837695	1
26.97061005	3
26.98284316	1
26.99507626	1
27.00730936	0
27.01954247	2
27.03177557	2
27.04400867	2
27.05624177	1
27.06847488	4
27.08070798	2
27.09294108	0
27.10517419	1
27.11740729	1
27.12964039	2
27.1418735	1
27.1541066	1
27.1663397	3
27.1785728	3
27.19080591	2
27.20303901	1
27.21527211	2
27.22750522	0
27.23973832	0
27.25197142	1
27.26420453	4
27.27643763	0
27.28867073	0
27.30090383	2
27.31313694	1
27.32537004	0
27.33760314	1
27.34983625	0
27.36206935	1
27.37430245	0
27.38653556	0
27.39876866	1
27.41100176	2
27.42323486	2
27.43546797	1
27.44770107	2
27.45993417	2
27.47216728	2
27.48440038	1
27.49663348	2
27.50886659	4
27.52109969	2
27.53333279	2
27.54556589	4
27.557799	0
27.5700321	3
27.5822652	2
27.59449831	2
27.60673141	1
27.61896451	2
27.63119762	0
27.64343072	0
27.65566382	1
27.66789692	0
27.68013003	1
27.69236313	0
27.70459623	0
27.71682934	1
27.72906244	2
27.74129554	0
27.75352865	1
27.76576175	0
27.77799485	0
27.79022795	0
27.80246106	1
27.81469416	1
27.82692726	1
27.83916037	1
27.85139347	1
27.86362657	2
27.87585968	0
27.88809278	1
27.90032588	0
27.91255898	0
27.92479209	0
27.93702519	1
27.94925829	0
27.9614914	0
27.9737245	1
27.9859576	0
27.99819071	1
28.01042381	1
28.02265691	2
28.03489001	0
28.04712312	1
28.05935622	2
28.07158932	0
28.08382243	1
28.09605553	1
28.10828863	0
28.12052174	1
28.13275484	0
28.14498794	0
28.15722104	1
28.16945415	1
28.18168725	0
28.19392035	0
28.20615346	1
28.21838656	0
28.23061966	0
28.24285277	0
28.25508587	1
28.26731897	1
28.27955207	0
28.29178518	0
28.30401828	1
28.31625138	1
28.32848449	0
28.34071759	0
28.35295069	0
28.3651838	0
28.3774169	0
28.38965	1
28.4018831	0
28.41411621	2
28.42634931	0
28.43858241	0
28.45081552	0
28.46304862	0
28.47528172	0
28.48751483	0
28.49974793	1
28.51198103	0
28.52421413	2
28.53644724	0
28.54868034	0
28.56091344	0
28.57314655	0
28.58537965	1
28.59761275	0
28.60984586	0
28.62207896	1
28.63431206	0
28.64654516	2
28.65877827	0
28.67101137	0
28.68324447	0
28.69547758	0
28.70771068	2
28.71994378	0
28.73217689	0
28.74440999	1
28.75664309	0
28.76887619	0
28.7811093	0
28.7933424	0
28.8055755	1
28.81780861	1
28.83004171	1
28.84227481	1
28.85450792	0
28.86674102	0
28.87897412	0
28.89120722	0
28.90344033	0
28.91567343	0
28.92790653	0
28.94013964	0
28.95237274	0
28.96460584	0
28.97683895	0
28.98907205	1
29.00130515	0
29.01353825	0
29.02577136	0
29.03800446	0
29.05023756	0
29.06247067	1
29.07470377	0
29.08693687	0
29.09916998	2
29.11140308	0
29.12363618	1
29.13586928	1
29.14810239	0
29.16033549	0
29.17256859	0
29.1848017	0
29.1970348	0
29.2092679	0
29.22150101	0
29.23373411	0
29.24596721	0
29.25820031	0
29.27043342	0
29.28266652	0
29.29489962	0
29.30713273	0
29.31936583	0
29.33159893	0
29.34383204	0
29.35606514	1
29.36829824	0
29.38053134	0
29.39276445	0
29.40499755	0
29.41723065	1
29.42946376	0
29.44169686	0
29.45392996	1
29.46616307	0
29.47839617	0
29.49062927	0
29.50286237	0
29.51509548	0
29.52732858	0
29.53956168	0
29.55179479	0
29.56402789	0
29.57626099	0
29.5884941	0
29.6007272	0
29.6129603	0
29.6251934	0
29.63742651	0
29.64965961	0
29.66189271	1
29.67412582	0
29.68635892	0
29.69859202	0
29.71082513	0
29.72305823	0
29.73529133	0
29.74752443	1
29.75975754	0
29.77199064	0
29.78422374	0
29.79645685	0
29.80868995	0
29.82092305	0
29.83315616	0
29.84538926	0
29.85762236	1
29.86985546	0
29.88208857	0
29.89432167	0
29.90655477	0
29.91878788	0
29.93102098	1
29.94325408	0
29.95548719	0
29.96772029	0
29.97995339	0
29.99218649	0
30.0044196	0
30.0166527	1
30.0288858	0
30.04111891	0
30.05335201	0
30.06558511	0
30.07781822	0
30.09005132	0
30.10228442	0
30.11451752	0
30.12675063	0
30.13898373	0
30.15121683	0
30.16344994	0
30.17568304	0
30.18791614	0
30.20014925	0
30.21238235	0
30.22461545	0
30.23684855	0
30.24908166	0
30.26131476	0
30.27354786	0
30.28578097	0
30.29801407	0
30.31024717	0
30.32248028	0
30.33471338	0
30.34694648	0
30.35917958	0
30.37141269	0
30.38364579	0
30.39587889	0
30.408112	0
30.4203451	0
30.4325782	0
30.44481131	0
30.45704441	0
30.46927751	0
30.48151061	0
30.49374372	0
30.50597682	0
30.51820992	0
30.53044303	0
30.54267613	0
30.55490923	0
30.56714234	0
30.57937544	0
30.59160854	0
30.60384164	0
30.61607475	0
30.62830785	0
30.64054095	0
30.65277406	0
30.66500716	0
30.67724026	0
30.68947337	0
30.70170647	0
30.71393957	0
30.72617267	0
30.73840578	0
30.75063888	0
30.76287198	0
30.77510509	0
30.78733819	0
30.79957129	0
30.8118044	0
30.8240375	0
30.8362706	0
30.8485037	0
30.86073681	0
30.87296991	0
30.88520301	0
30.89743612	0
30.90966922	0
30.92190232	0
30.93413543	0
30.94636853	0
30.95860163	0
30.97083473	0
30.98306784	0
30.99530094	0
31.00753404	0
31.01976715	0
31.03200025	0
31.04423335	0
31.05646646	0
31.06869956	0
31.08093266	0
31.09316576	0
31.10539887	0
31.11763197	0
31.12986507	0
31.14209818	0
31.15433128	0
31.16656438	0
31.17879749	1
31.19103059	0
31.20326369	0
31.21549679	0
31.2277299	0
31.239963	0
31.2521961	0
31.26442921	0
31.27666231	0
31.28889541	0
31.30112852	0
31.31336162	0
31.32559472	0
31.33782782	0
31.35006093	0
31.36229403	0
31.37452713	0
31.38676024	0
31.39899334	0
31.41122644	0
31.42345955	0
31.43569265	0
31.44792575	0
31.46015885	0
31.47239196	0
31.48462506	0
31.49685816	0
31.50909127	0
31.52132437	0
31.53355747	0
31.54579058	0
31.55802368	0
31.57025678	0
31.58248988	0
31.59472299	0
31.60695609	0
31.61918919	0
31.6314223	0
31.6436554	0
31.6558885	0
31.66812161	0
31.68035471	0
31.69258781	0
31.70482091	0
31.71705402	0
31.72928712	0
31.74152022	0
31.75375333	0
31.76598643	0
31.77821953	0
31.79045264	0
31.80268574	0
31.81491884	0
31.82715194	0
31.83938505	0
31.85161815	0
31.86385125	0
31.87608436	0
31.88831746	0
31.90055056	0
31.91278367	0
31.92501677	0
31.93724987	0
31.94948297	0
31.96171608	0
31.97394918	0
31.98618228	0
31.99841539	0
32.01064849	0
32.02288159	0
32.0351147	0
32.0473478	0
32.0595809	0
32.071814	0
32.08404711	0
32.09628021	0
32.10851331	0
32.12074642	0
32.13297952	0
32.14521262	0
32.15744573	0
32.16967883	0
32.18191193	0
32.19414503	0
32.20637814	0
32.21861124	0
32.23084434	0
32.24307745	0
32.25531055	0
32.26754365	0
32.27977676	0
32.29200986	0
32.30424296	0
32.31647606	0
32.32870917	0
32.34094227	0
32.35317537	0
32.36540848	0
32.37764158	0
32.38987468	0
32.40210779	0
32.41434089	0
32.42657399	0
32.43880709	0
32.4510402	0
32.4632733	0
32.4755064	0
32.48773951	0
32.49997261	0
32.51220571	0
32.52443882	0
32.53667192	0
32.54890502	0
32.56113812	0
32.57337123	0
32.58560433	0
32.59783743	0
32.61007054	0
32.62230364	0
32.63453674	0
32.64676985	0
32.65900295	0
32.67123605	0
32.68346915	0
32.69570226	0
32.70793536	0
32.72016846	0
32.73240157	0
32.74463467	0
32.75686777	0
32.76910088	0
32.78133398	0
32.79356708	0
32.80580018	0
32.81803329	0
32.83026639	0
32.84249949	0
32.8547326	0
32.8669657	0
32.8791988	0
32.89143191	0
32.90366501	0
32.91589811	0
32.92813121	0
32.94036432	0
32.95259742	0
32.96483052	0
32.97706363	0
32.98929673	0
33.00152983	0
33.01376294	0
33.02599604	0
33.03822914	0
33.05046224	0
33.06269535	0
33.07492845	0
33.08716155	0
33.09939466	0
33.11162776	0
33.12386086	0
33.13609397	0
33.14832707	0
33.16056017	0
33.17279327	0
33.18502638	0
33.19725948	0
33.20949258	0
33.22172569	0
33.23395879	0
33.24619189	0
33.258425	0
33.2706581	0
33.2828912	0
33.2951243	0
33.30735741	0
33.31959051	0
33.33182361	0
33.34405672	0
33.35628982	0
33.36852292	0
33.38075603	0
33.39298913	0
33.40522223	0
33.41745533	0
33.42968844	0
33.44192154	0
33.45415464	0
33.46638775	0
33.47862085	0
33.49085395	0
33.50308706	0
33.51532016	0
33.52755326	0
33.53978636	0
33.55201947	0
33.56425257	0
33.57648567	0
33.58871878	0
33.60095188	0
33.61318498	0
33.62541809	0
33.63765119	0
33.64988429	0
33.66211739	0
33.6743505	0
33.6865836	0
33.6988167	0
33.71104981	0
33.72328291	0
33.73551601	0
33.74774912	0
33.75998222	0
33.77221532	0
33.78444842	0
33.79668153	0
33.80891463	0
33.82114773	0
33.83338084	0
33.84561394	0
33.85784704	0
33.87008015	0
33.88231325	0
33.89454635	0
33.90677945	0
33.91901256	0
33.93124566	0
33.94347876	0
33.95571187	0
33.96794497	0
33.98017807	0
33.99241118	0
34.00464428	0
34.01687738	0
34.02911048	0
34.04134359	0
34.05357669	0
34.06580979	0
34.0780429	0
34.090276	0
34.1025091	0
34.11474221	0
34.12697531	0
34.13920841	0
34.15144151	0
34.16367462	0
34.17590772	0
34.18814082	0
34.20037393	0
34.21260703	0
34.22484013	0
34.23707324	0
34.24930634	0
34.26153944	0
34.27377254	0
34.28600565	0
34.29823875	0
34.31047185	0
34.32270496	0
34.33493806	0
34.34717116	0
34.35940427	0
34.37163737	0
34.38387047	0
34.39610357	0
34.40833668	0
34.42056978	0
34.43280288	0
34.44503599	0
34.45726909	0
34.46950219	0
34.4817353	0
34.4939684	0
34.5062015	0
34.5184346	0
34.53066771	0
34.54290081	0
34.55513391	0
34.56736702	0
34.57960012	0
34.59183322	0
34.60406633	0
34.61629943	0
34.62853253	0
34.64076563	0
34.65299874	0
34.66523184	0
34.67746494	0
34.68969805	0
34.70193115	0
34.71416425	0
34.72639736	0
34.73863046	0
34.75086356	0
34.76309666	0
34.77532977	0
34.78756287	0
34.79979597	0
34.81202908	0
34.82426218	0
34.83649528	0
34.84872839	0
34.86096149	0
34.87319459	0
34.88542769	0
34.8976608	0
34.9098939	0
34.922127	0
34.93436011	0
34.94659321	0
34.95882631	0
34.97105942	0
34.98329252	0
34.99552562	0
35.00775872	0
35.01999183	0
35.03222493	0
35.04445803	0
35.05669114	0
35.06892424	0
35.08115734	0
35.09339045	0
35.10562355	0
35.11785665	0
35.13008975	0
35.14232286	0
35.15455596	0
35.16678906	0
35.17902217	0
35.19125527	0
35.20348837	0
35.21572148	0
35.22795458	0
35.24018768	0
35.25242078	0
35.26465389	0
35.27688699	0
35.28912009	0
35.3013532	0
35.3135863	0
35.3258194	0
35.33805251	0
35.35028561	0
35.36251871	0
35.37475181	0
35.38698492	0
35.39921802	0
35.41145112	0
35.42368423	0
35.43591733	0
35.44815043	0
35.46038354	0
35.47261664	0
35.48484974	0
35.49708284	0
35.50931595	0
35.52154905	0
35.53378215	0
35.54601526	0
35.55824836	0
35.57048146	0
35.58271457	0
35.59494767	0
35.60718077	0
35.61941387	0
35.63164698	0
35.64388008	0
35.65611318	0
35.66834629	0
35.68057939	0
35.69281249	0
35.7050456	0
35.7172787	0
35.7295118	0
35.7417449	0
35.75397801	0
35.76621111	0
35.77844421	0
35.79067732	0
35.80291042	0
35.81514352	0
35.82737663	0
35.83960973	0
35.85184283	0
35.86407593	0
35.87630904	0
35.88854214	0
35.90077524	0
35.91300835	0
35.92524145	0
35.93747455	0
35.94970766	0
35.96194076	0
35.97417386	0
35.98640696	0
35.99864007	0
36.01087317	0
36.02310627	0
36.03533938	0
36.04757248	0
36.05980558	0
36.07203869	0
36.08427179	0
36.09650489	0
36.10873799	0
36.1209711	0
36.1332042	0
36.1454373	0
36.15767041	0
36.16990351	0
36.18213661	0
36.19436972	0
36.20660282	0
36.21883592	0
36.23106902	0
36.24330213	0
36.25553523	0
36.26776833	0
36.28000144	0
36.29223454	0
36.30446764	0
36.31670075	0
36.32893385	0
36.34116695	0
36.35340005	0
36.36563316	0
36.37786626	0
36.39009936	0
36.40233247	0
36.41456557	0
36.42679867	0
36.43903178	0
36.45126488	0
36.46349798	0
36.47573108	0
36.48796419	0
36.50019729	0
36.51243039	0
36.5246635	0
36.5368966	0
36.5491297	0
36.56136281	0
36.57359591	0
36.58582901	0
36.59806211	0
36.61029522	0
36.62252832	0
36.63476142	0
36.64699453	0
36.65922763	0
36.67146073	0
36.68369384	0
36.69592694	0
36.70816004	0
36.72039314	0
36.73262625	0
36.74485935	0
36.75709245	0
36.76932556	0
36.78155866	0
36.79379176	0
36.80602487	0
36.81825797	0
36.83049107	0
36.84272417	0
36.85495728	0
36.86719038	0
36.87942348	0
36.89165659	0
36.90388969	0
36.91612279	0
36.9283559	0
36.940589	0
36.9528221	0
36.9650552	0
36.97728831	0
36.98952141	0
37.00175451	0
37.01398762	0
37.02622072	0
37.03845382	0
37.05068693	0
37.06292003	0
37.07515313	0
37.08738623	0
37.09961934	0
37.11185244	0
37.12408554	0
37.13631865	0
37.14855175	0
37.16078485	0
37.17301796	0
37.18525106	0
37.19748416	0
37.20971726	0
37.22195037	0
37.23418347	0
37.24641657	0
37.25864968	0
37.27088278	0
37.28311588	0
37.29534899	0
37.30758209	0
37.31981519	0
37.33204829	0
37.3442814	0
37.3565145	0
37.3687476	0
37.38098071	0
37.39321381	0
37.40544691	0
37.41768002	0
37.42991312	0
37.44214622	0
37.45437932	0
37.46661243	0
37.47884553	0
37.49107863	0
37.50331174	0
37.51554484	0
37.52777794	0
37.54001105	0
37.55224415	0
37.56447725	0
37.57671035	0
37.58894346	0
37.60117656	0
37.61340966	0
37.62564277	0
37.63787587	0
37.65010897	0
37.66234208	0
37.67457518	0
37.68680828	0
37.69904138	0
37.71127449	0
37.72350759	0
37.73574069	0
37.7479738	0
37.7602069	0
37.77244	0
37.78467311	0
37.79690621	0
37.80913931	0
37.82137241	0
37.83360552	0
37.84583862	0
37.85807172	0
37.87030483	0
37.88253793	0
37.89477103	0
37.90700414	0
37.91923724	0
37.93147034	0
37.94370344	0
37.95593655	0
37.96816965	0
37.98040275	0
37.99263586	0
38.00486896	0
38.01710206	0
38.02933517	0
38.04156827	0
38.05380137	0
38.06603447	0
38.07826758	0
38.09050068	0
38.10273378	0
38.11496689	0
38.12719999	0
38.13943309	0
38.1516662	0
38.1638993	0
38.1761324	0
38.1883655	0
38.20059861	0
38.21283171	0
38.22506481	0
38.23729792	0
38.24953102	0
38.26176412	0
38.27399723	0
38.28623033	0
38.29846343	0
38.31069653	0
38.32292964	0
38.33516274	0
38.34739584	0
38.35962895	0
38.37186205	0
38.38409515	0
38.39632826	0
38.40856136	0
38.42079446	0
38.43302756	0
38.44526067	0
38.45749377	0
38.46972687	0
38.48195998	0
38.49419308	0
38.50642618	0
38.51865929	0
38.53089239	0
38.54312549	0
38.55535859	0
38.5675917	0
38.5798248	0
38.5920579	0
38.60429101	0
38.61652411	0
38.62875721	0
38.64099032	0
38.65322342	0
38.66545652	0
38.67768962	0
38.68992273	0
38.70215583	0
38.71438893	0
38.72662204	0
38.73885514	0
38.75108824	0
38.76332135	0
38.77555445	0
38.78778755	0
38.80002065	0
38.81225376	0
38.82448686	0
38.83671996	0
38.84895307	0
38.86118617	0
38.87341927	0
38.88565238	0
38.89788548	0
38.91011858	0
38.92235168	0
38.93458479	0
38.94681789	0
38.95905099	0
38.9712841	0
38.9835172	0
38.9957503	0
39.00798341	0
39.02021651	0
39.03244961	0
39.04468271	0
39.05691582	0
39.06914892	0
39.08138202	0
39.09361513	0
39.10584823	0
39.11808133	0
39.13031444	0
39.14254754	0
39.15478064	0
39.16701374	0
39.17924685	0
39.19147995	0
39.20371305	0
39.21594616	0
39.22817926	0
39.24041236	0
39.25264547	0
39.26487857	0
39.27711167	0
39.28934477	0
39.30157788	0
39.31381098	0
39.32604408	0
39.33827719	0
39.35051029	0
39.36274339	0
39.3749765	0
39.3872096	0
39.3994427	0
39.4116758	0
39.42390891	0
39.43614201	0
39.44837511	0
39.46060822	0
39.47284132	0
39.48507442	0
39.49730753	0
39.50954063	0
39.52177373	0
39.53400683	0
39.54623994	0
39.55847304	0
39.57070614	0
39.58293925	0
39.59517235	0
39.60740545	0
39.61963856	0
39.63187166	0
39.64410476	0
39.65633786	0
39.66857097	0
39.68080407	0
39.69303717	0
39.70527028	0
39.71750338	0
39.72973648	0
39.74196959	0
39.75420269	0
39.76643579	0
39.77866889	0
39.790902	0
39.8031351	0
39.8153682	0
39.82760131	0
39.83983441	0
39.85206751	0
39.86430062	0
39.87653372	0
39.88876682	0
39.90099992	0
39.91323303	0
39.92546613	0
39.93769923	0
39.94993234	0
39.96216544	0
39.97439854	0
39.98663165	0
39.99886475	0
40.01109785	0
40.02333095	0
40.03556406	0
40.04779716	0
40.06003026	0
40.07226337	0
40.08449647	0
40.09672957	0
40.10896268	0
40.12119578	0
40.13342888	0
40.14566198	0
40.15789509	0
40.17012819	0
40.18236129	0
40.1945944	0
40.2068275	0
40.2190606	0
40.23129371	0
40.24352681	0
40.25575991	0
40.26799301	0
40.28022612	0
40.29245922	0
40.30469232	0
40.31692543	0
40.32915853	0
40.34139163	0
40.35362474	0
40.36585784	0
40.37809094	0
40.39032404	0
40.40255715	0
40.41479025	0
40.42702335	0
40.43925646	0
40.45148956	0
40.46372266	0
40.47595577	0
40.48818887	0
40.50042197	0
40.51265507	0
40.52488818	0
40.53712128	0
40.54935438	0
40.56158749	0
40.57382059	0
40.58605369	0
40.5982868	0
40.6105199	0
40.622753	0
40.6349861	0
40.64721921	0
40.65945231	0
40.67168541	0
40.68391852	0
40.69615162	0
40.70838472	0
40.72061783	0
40.73285093	0
40.74508403	0
40.75731713	0
40.76955024	0
40.78178334	0
40.79401644	0
40.80624955	0
40.81848265	0
40.83071575	0
40.84294886	0
40.85518196	0
40.86741506	0
40.87964816	0
40.89188127	0
40.90411437	0
40.91634747	0
40.92858058	0
40.94081368	0
40.95304678	0
40.96527989	0
40.97751299	0
40.98974609	0
41.00197919	0
41.0142123	0
41.0264454	0
41.0386785	0
41.05091161	0
41.06314471	0
41.07537781	0
41.08761092	0
41.09984402	0
41.11207712	0
41.12431022	0
41.13654333	0
41.14877643	0
41.16100953	0
41.17324264	0
41.18547574	0
41.19770884	0
41.20994195	0
41.22217505	0
41.23440815	0
41.24664125	0
41.25887436	0
41.27110746	0
41.28334056	0
41.29557367	0
41.30780677	0
41.32003987	0
41.33227298	0
41.34450608	0
41.35673918	0
41.36897228	0
41.38120539	0
41.39343849	0
41.40567159	0
41.4179047	0
41.4301378	0
41.4423709	0
41.45460401	0
41.46683711	0
41.47907021	0
41.49130331	0
41.50353642	0
41.51576952	0
41.52800262	0
41.54023573	0
41.55246883	0
41.56470193	0
41.57693504	0
41.58916814	0
41.60140124	0
41.61363434	0
41.62586745	0
41.63810055	0
41.65033365	0
41.66256676	0
41.67479986	0
41.68703296	0
41.69926607	0
41.71149917	0
41.72373227	0
41.73596537	0
41.74819848	0
41.76043158	0
41.77266468	0
41.78489779	0
41.79713089	0
41.80936399	0
41.8215971	0
41.8338302	0
41.8460633	0
41.8582964	0
41.87052951	0
41.88276261	0
41.89499571	0
41.90722882	0
41.91946192	0
41.93169502	0
41.94392813	0
41.95616123	0
41.96839433	0
41.98062743	0
41.99286054	0
42.00509364	0
42.01732674	0
42.02955985	0
42.04179295	0
42.05402605	0
42.06625916	0
42.07849226	0
42.09072536	0
42.10295846	0
42.11519157	0
42.12742467	0
42.13965777	0
42.15189088	0
42.16412398	0
42.17635708	0
42.18859019	0
42.20082329	0
42.21305639	0
42.22528949	0
42.2375226	0
42.2497557	0
42.2619888	0
42.27422191	0
42.28645501	0
42.29868811	0
42.31092122	0
42.32315432	0
42.33538742	0
42.34762052	0
42.35985363	0
42.37208673	0
42.38431983	0
42.39655294	0
42.40878604	0
42.42101914	0
42.43325225	0
42.44548535	0
42.45771845	0
42.46995155	0
42.48218466	0
42.49441776	0
42.50665086	0
42.51888397	0
42.53111707	0
42.54335017	0
42.55558328	0
42.56781638	0
42.58004948	0
42.59228258	0
42.60451569	0
42.61674879	0
42.62898189	0
42.641215	0
42.6534481	0
42.6656812	0
42.67791431	0
42.69014741	0
42.70238051	0
42.71461361	0
42.72684672	0
42.73907982	0
42.75131292	0
42.76354603	0
42.77577913	0
42.78801223	0
42.80024534	0
42.81247844	0
42.82471154	0
42.83694464	0
42.84917775	0
42.86141085	0
42.87364395	0
42.88587706	0
42.89811016	0
42.91034326	0
42.92257637	0
42.93480947	0
42.94704257	0
42.95927567	0
42.97150878	0
42.98374188	0
42.99597498	0
43.00820809	0
43.02044119	0
43.03267429	0
43.0449074	0
43.0571405	0
43.0693736	0
43.0816067	0
43.09383981	0
43.10607291	0
43.11830601	0
43.13053912	0
43.14277222	0
43.15500532	0
43.16723843	0
43.17947153	0
43.19170463	0
43.20393773	0
43.21617084	0
43.22840394	0
43.24063704	0
43.25287015	0
43.26510325	0
43.27733635	0
43.28956946	0
43.30180256	0
43.31403566	0
43.32626876	0
43.33850187	0
43.35073497	0
43.36296807	0
43.37520118	0
43.38743428	0
43.39966738	0
43.41190049	0
43.42413359	0
43.43636669	0
43.44859979	0
43.4608329	0
43.473066	0
43.4852991	0
43.49753221	0
43.50976531	0
43.52199841	0
43.53423152	0
43.54646462	0
43.55869772	0
43.57093082	0
43.58316393	0
43.59539703	0
43.60763013	0
43.61986324	0
43.63209634	0
43.64432944	0
43.65656255	0
43.66879565	0
43.68102875	0
43.69326185	0
43.70549496	0
43.71772806	0
43.72996116	0
43.74219427	0
43.75442737	0
43.76666047	0
43.77889358	0
43.79112668	0
43.80335978	0
43.81559288	0
43.82782599	0
43.84005909	0
43.85229219	0
43.8645253	0
43.8767584	0
43.8889915	0
43.90122461	0
43.91345771	0
43.92569081	0
43.93792391	0
43.95015702	0
43.96239012	0
43.97462322	0
43.98685633	0
43.99908943	0
44.01132253	0
44.02355564	0
44.03578874	0
44.04802184	0
44.06025494	0
44.07248805	0
44.08472115	0
44.09695425	0
44.10918736	0
44.12142046	0
44.13365356	0
44.14588667	0
44.15811977	0
44.17035287	0
44.18258597	0
44.19481908	0
44.20705218	0
44.21928528	0
44.23151839	0
44.24375149	0
44.25598459	0
44.2682177	0
44.2804508	0
44.2926839	0
44.304917	0
44.31715011	0
44.32938321	0
44.34161631	0
44.35384942	0
44.36608252	0
44.37831562	0
44.39054873	0
44.40278183	0
44.41501493	0
44.42724803	0
44.43948114	0
44.45171424	0
44.46394734	0
44.47618045	0
44.48841355	0
44.50064665	0
44.51287976	0
44.52511286	0
44.53734596	0
44.54957906	0
44.56181217	0
44.57404527	0
44.58627837	0
44.59851148	0
44.61074458	0
44.62297768	0
44.63521079	0
44.64744389	0
44.65967699	0
44.67191009	0
44.6841432	0
44.6963763	0
44.7086094	0
44.72084251	0
44.73307561	0
44.74530871	0
44.75754182	0
44.76977492	0
44.78200802	0
44.79424112	0
44.80647423	0
44.81870733	0
44.83094043	0
44.84317354	0
44.85540664	0
44.86763974	0
44.87987285	0
44.89210595	0
44.90433905	0
44.91657215	0
44.92880526	0
44.94103836	0
44.95327146	0
44.96550457	0
44.97773767	0
44.98997077	0
45.00220388	0
45.01443698	0
45.02667008	0
45.03890318	0
45.05113629	0
45.06336939	0
45.07560249	0
45.0878356	0
45.1000687	0
45.1123018	0
45.12453491	0
45.13676801	0
45.14900111	0
45.16123421	0
45.17346732	0
45.18570042	0
45.19793352	0
45.21016663	0
45.22239973	0
45.23463283	0
45.24686594	0
45.25909904	0
45.27133214	0
45.28356524	0
45.29579835	0
45.30803145	0
45.32026455	0
45.33249766	0
45.34473076	0
45.35696386	0
45.36919697	0
45.38143007	0
45.39366317	0
45.40589627	0
45.41812938	0
45.43036248	0
45.44259558	0
45.45482869	0
45.46706179	0
45.47929489	0
45.491528	0
45.5037611	0
45.5159942	0
45.5282273	0
45.54046041	0
45.55269351	0
45.56492661	0
45.57715972	0
45.58939282	0
45.60162592	0
45.61385903	0
45.62609213	0
45.63832523	0
45.65055833	0
45.66279144	0
45.67502454	0
45.68725764	0
45.69949075	0
45.71172385	0
45.72395695	0
45.73619006	0
45.74842316	0
45.76065626	0
45.77288936	0
45.78512247	0
45.79735557	0
45.80958867	0
45.82182178	0
45.83405488	0
45.84628798	0
45.85852109	0
45.87075419	0
45.88298729	0
45.89522039	0
45.9074535	0
45.9196866	0
45.9319197	0
45.94415281	0
45.95638591	0
45.96861901	0
45.98085212	0
45.99308522	0
46.00531832	0
46.01755142	0
46.02978453	0
46.04201763	0
46.05425073	0
46.06648384	0
46.07871694	0
46.09095004	0
46.10318315	0
46.11541625	0
46.12764935	0
46.13988245	0
46.15211556	0
46.16434866	0
46.17658176	0
46.18881487	0
46.20104797	0
46.21328107	0
46.22551418	0
46.23774728	0
46.24998038	0
46.26221348	0
46.27444659	0
46.28667969	0
46.29891279	0
46.3111459	0
46.323379	0
46.3356121	0
46.34784521	0
46.36007831	0
46.37231141	0
46.38454451	0
46.39677762	0
46.40901072	0
46.42124382	0
46.43347693	0
46.44571003	0
46.45794313	0
46.47017624	0
46.48240934	0
46.49464244	0
46.50687554	0
46.51910865	0
46.53134175	0
46.54357485	0
46.55580796	0
46.56804106	0
46.58027416	0
46.59250727	0
46.60474037	0
46.61697347	0
46.62920657	0
46.64143968	0
46.65367278	0
46.66590588	0
46.67813899	0
46.69037209	0
46.70260519	0
46.7148383	0
46.7270714	0
46.7393045	0
46.7515376	0
46.76377071	0
46.77600381	0
46.78823691	0
46.80047002	0
46.81270312	0
46.82493622	0
46.83716933	0
46.84940243	0
46.86163553	0
46.87386863	0
46.88610174	0
46.89833484	0
46.91056794	0
46.92280105	0
46.93503415	0
46.94726725	0
46.95950036	0
46.97173346	0
46.98396656	0
46.99619966	0
47.00843277	0
47.02066587	0
47.03289897	0
47.04513208	0
47.05736518	0
47.06959828	0
47.08183139	0
47.09406449	0
47.10629759	0
47.11853069	0
47.1307638	0
47.1429969	0
47.15523	0
47.16746311	0
47.17969621	0
47.19192931	0
47.20416242	0
47.21639552	0
47.22862862	0
47.24086172	0
47.25309483	0
47.26532793	0
47.27756103	0
47.28979414	0
47.30202724	0
47.31426034	0
47.32649345	0
47.33872655	0
47.35095965	0
47.36319275	0
47.37542586	0
47.38765896	0
47.39989206	0
47.41212517	0
47.42435827	0
47.43659137	0
47.44882448	0
47.46105758	0
47.47329068	0
47.48552378	0
47.49775689	0
47.50998999	0
47.52222309	0
47.5344562	0
47.5466893	0
47.5589224	0
47.57115551	0
47.58338861	0
47.59562171	0
47.60785481	0
47.62008792	0
47.63232102	0
47.64455412	0
47.65678723	0
47.66902033	0
47.68125343	0
47.69348654	0
47.70571964	0
47.71795274	0
47.73018584	0
47.74241895	0
47.75465205	0
47.76688515	0
47.77911826	0
47.79135136	0
47.80358446	0
47.81581757	0
47.82805067	0
47.84028377	0
47.85251687	0
47.86474998	0
47.87698308	0
47.88921618	0
47.90144929	0
47.91368239	0
47.92591549	0
47.9381486	0
47.9503817	0
47.9626148	0
47.9748479	0
47.98708101	0
47.99931411	0
48.01154721	0
48.02378032	0
48.03601342	0
48.04824652	0
48.06047963	0
48.07271273	0
48.08494583	0
48.09717893	0
48.10941204	0
48.12164514	0
48.13387824	0
48.14611135	0
48.15834445	0
48.17057755	0
48.18281066	0
48.19504376	0
48.20727686	0
48.21950996	0
48.23174307	0
48.24397617	0
48.25620927	0
48.26844238	0
48.28067548	0
48.29290858	0
48.30514169	0
48.31737479	0
48.32960789	0
48.34184099	0
48.3540741	0
48.3663072	0
48.3785403	0
48.39077341	0
48.40300651	0
48.41523961	0
48.42747272	0
48.43970582	0
48.45193892	0
48.46417202	0
48.47640513	0
48.48863823	0
48.50087133	0
48.51310444	0
48.52533754	0
48.53757064	0
48.54980375	0
48.56203685	0
48.57426995	0
48.58650305	0
48.59873616	0
48.61096926	0
48.62320236	0
48.63543547	0
48.64766857	0
48.65990167	0
48.67213478	0
48.68436788	0
48.69660098	0
48.70883408	0
48.72106719	0
48.73330029	0
48.74553339	0
48.7577665	0
48.7699996	0
48.7822327	0
48.79446581	0
48.80669891	0
48.81893201	0
48.83116511	0
48.84339822	0
48.85563132	0
48.86786442	0
48.88009753	0
48.89233063	0
48.90456373	0
