 &SRS
 SRSRUN=14763,SRSDAT=201364,SRSTIM=03110,
 SRSSTN='ws00',SRSPRJ='i02     ',SRSEXP='commissi',
 SRSTLE='                                                            ',
 SRSCN1='        ',SRSCN2='        ',SRSCN3='        ',
 &END
gonx	i_pin	Time
-1.7000	1.3456	  0.00
-1.6980	1.3456	  0.00
-1.6959	1.3461	  0.00
-1.6941	1.3460	  0.00
-1.6920	1.3457	  0.00
-1.6900	1.3457	  0.00
-1.6880	1.3457	  0.00
-1.6860	1.3453	  0.00
-1.6840	1.3455	  0.00
-1.6820	1.3456	  0.00
-1.6799	1.3460	  0.00
-1.6779	1.3460	  0.00
-1.6760	1.3459	  0.00
-1.6740	1.3460	  0.00
-1.6720	1.3456	  0.00
-1.6701	1.3454	  0.00
-1.6680	1.3452	  0.00
-1.6660	1.3461	  0.00
-1.6640	1.3459	  0.00
-1.6620	1.3457	  0.00
-1.6600	1.3453	  0.00
-1.6579	1.3449	  0.00
-1.6559	1.3450	  0.00
-1.6539	1.3454	  0.00
-1.6520	1.3452	  0.00
-1.6500	1.3444	  0.00
-1.6481	1.3446	  0.00
-1.6460	1.3448	  0.00
-1.6440	1.3448	  0.00
-1.6420	1.3446	  0.00
-1.6400	1.3445	  0.00
-1.6380	1.3443	  0.00
-1.6360	1.3442	  0.00
-1.6341	1.3441	  0.00
-1.6320	1.3441	  0.00
-1.6300	1.3437	  0.00
-1.6281	1.3437	  0.00
-1.6259	1.3436	  0.00
-1.6240	1.3430	  0.00
-1.6220	1.3424	  0.00
-1.6200	1.3423	  0.00
-1.6178	1.3417	  0.00
-1.6155	1.3417	  0.00
-1.6141	1.3415	  0.00
-1.6120	1.3405	  0.00
-1.6099	1.3400	  0.00
-1.6080	1.3393	  0.00
-1.6060	1.3386	  0.00
-1.6040	1.3376	  0.00
-1.6020	1.3371	  0.00
-1.6001	1.3360	  0.00
-1.5980	1.3351	  0.00
-1.5960	1.3337	  0.00
-1.5940	1.3319	  0.00
-1.5920	1.3306	  0.00
-1.5900	1.3285	  0.00
-1.5881	1.3257	  0.00
-1.5861	1.3230	  0.00
-1.5840	1.3205	  0.00
-1.5820	1.3179	  0.00
-1.5800	1.3147	  0.00
-1.5779	1.3108	  0.00
-1.5760	1.3062	  0.00
-1.5740	1.3015	  0.00
-1.5720	1.2962	  0.00
-1.5700	1.2909	  0.00
-1.5680	1.2848	  0.00
-1.5660	1.2784	  0.00
-1.5640	1.2709	  0.00
-1.5620	1.2625	  0.00
-1.5600	1.2539	  0.00
-1.5580	1.2444	  0.00
-1.5559	1.2333	  0.00
-1.5541	1.2223	  0.00
-1.5520	1.2105	  0.00
-1.5500	1.1984	  0.00
-1.5480	1.1848	  0.00
-1.5461	1.1688	  0.00
-1.5441	1.1521	  0.00
-1.5421	1.1350	  0.00
-1.5400	1.1191	  0.00
-1.5380	1.0997	  0.00
-1.5361	1.0809	  0.00
-1.5341	1.0591	  0.00
-1.5320	1.0396	  0.00
-1.5301	1.0158	  0.00
-1.5280	0.99311	  0.00
-1.5261	0.96691	  0.00
-1.5240	0.94066	  0.00
-1.5220	0.91481	  0.00
-1.5200	0.88857	  0.00
-1.5180	0.86173	  0.00
-1.5159	0.83484	  0.00
-1.5140	0.80587	  0.00
-1.5120	0.77846	  0.00
-1.5100	0.74746	  0.00
-1.5080	0.71966	  0.00
-1.5060	0.69068	  0.00
-1.5040	0.65961	  0.00
-1.5020	0.63105	  0.00
-1.4999	0.60238	  0.00
-1.4980	0.57140	  0.00
-1.4962	0.54446	  0.00
-1.4939	0.51789	  0.00
-1.4920	0.48864	  0.00
-1.4900	0.46095	  0.00
-1.4879	0.43444	  0.00
-1.4862	0.41279	  0.00
-1.4839	0.38569	  0.00
-1.4820	0.35938	  0.00
-1.4800	0.33625	  0.00
-1.4781	0.31495	  0.00
-1.4761	0.29124	  0.00
-1.4741	0.27129	  0.00
-1.4720	0.25111	  0.00
-1.4700	0.23254	  0.00
-1.4678	0.21300	  0.00
-1.4660	0.19700	  0.00
-1.4641	0.18043	  0.00
-1.4620	0.16437	  0.00
-1.4600	0.15050	  0.00
-1.4580	0.13622	  0.00
-1.4560	0.12435	  0.00
-1.4540	0.11217	  0.00
-1.4520	0.10100	  0.00
-1.4500	0.091843	  0.00
-1.4481	0.081199	  0.00
-1.4460	0.072480	  0.00
-1.4439	0.063787	  0.00
-1.4420	0.056236	  0.00
-1.4400	0.049366	  0.00
-1.4380	0.043359	  0.00
-1.4360	0.037973	  0.00
-1.4340	0.033068	  0.00
-1.4320	0.028950	  0.00
-1.4300	0.025099	  0.00
-1.4282	0.021547	  0.00
-1.4261	0.018557	  0.00
-1.4240	0.015933	  0.00
-1.4220	0.013732	  0.00
-1.4200	0.011725	  0.00
-1.4181	0.010111	  0.00
-1.4159	0.0086910	  0.00
-1.4140	0.0073271	  0.00
-1.4120	0.0062208	  0.00
-1.4100	0.0053544	  0.00
-1.4079	0.0045766	  0.00
-1.4060	0.0038220	  0.00
-1.4039	0.0031821	  0.00
-1.4020	0.0026375	  0.00
-1.4000	0.0020630	  0.00
-1.3981	0.0016710	  0.00
-1.3961	0.0014708	  0.00
-1.3940	0.0010868	  0.00
-1.3920	0.00089443	  0.00
-1.3900	0.00069906	  0.00
-1.3881	0.00050796	  0.00
-1.3860	0.00031258	  0.00
-1.3839	0.00024298	  0.00
-1.3820	8.2404e-05	  0.00
-1.3800	8.5255e-06	  0.00
-1.3780	-0.00010259	  0.00
-1.3759	-0.00019113	  0.00
-1.3740	-0.00016915	  0.00
-1.3720	-0.00027356	  0.00
-1.3700	-0.00039140	  0.00
-1.3681	-0.00034866	  0.00
-1.3660	-0.00039018	  0.00
-1.3640	-0.00043720	  0.00
-1.3620	-0.00045612	  0.00
-1.3600	-0.00047139	  0.00
-1.3580	-0.00048116	  0.00
-1.3561	-0.00048360	  0.00
-1.3540	-0.00053550	  0.00
-1.3520	-0.00046956	  0.00
-1.3501	-0.00059229	  0.00
-1.3479	-0.00063076	  0.00
-1.3460	-0.00061427	  0.00
-1.3440	-0.00055077	  0.00
-1.3420	-0.00057947	  0.00
-1.3400	-0.00057947	  0.00
-1.3380	-0.00058008	  0.00
-1.3360	-0.00059351	  0.00
-1.3341	-0.00066434	  0.00
-1.3320	-0.00062221	  0.00
-1.3301	-0.00062038	  0.00
-1.3281	-0.00061183	  0.00
-1.3261	-0.00065396	  0.00
-1.3240	-0.00068693	  0.00
-1.3220	-0.00066190	  0.00
-1.3200	-0.00061000	  0.00
-1.3181	-0.00066434	  0.00
-1.3161	-0.00063320	  0.00
-1.3141	-0.00060267	  0.00
-1.3120	-0.00065640	  0.00
-1.3100	-0.00066251	  0.00
-1.3080	-0.00072540	  0.00
-1.3058	-0.00070037	  0.00
-1.3040	-0.00062221	  0.00
-1.3020	-0.00066251	  0.00
-1.3000	-0.00071380	  0.00
-1.2981	-0.00065152	  0.00
-1.2961	-0.00067411	  0.00
-1.2940	-0.00065457	  0.00
-1.2921	-0.00061611	  0.00
-1.2900	-0.00068877	  0.00
-1.2879	-0.00057824	  0.00
-1.2859	-0.00065030	  0.00
-1.2840	-0.00066617	  0.00
-1.2820	-0.00071991	  0.00
-1.2800	-0.00067716	  0.00
-1.2780	-0.00066434	  0.00
-1.2761	-0.00065701	  0.00
-1.2740	-0.00077242	  0.00
-1.2720	-0.00065091	  0.00
-1.2700	-0.00062771	  0.00
-1.2681	-0.00075654	  0.00
-1.2661	-0.00069304	  0.00
-1.2640	-0.00072235	  0.00
-1.2620	-0.00073700	  0.00
-1.2601	-0.00071808	  0.00
-1.2581	-0.00076875	  0.00
-1.2561	-0.00072601	  0.00
-1.2541	-0.00072052	  0.00
-1.2520	-0.00071747	  0.00
-1.2500	-0.00073884	  0.00
-1.2480	-0.00068144	  0.00
-1.2460	-0.00069121	  0.00
-1.2440	-0.00066861	  0.00
-1.2420	-0.00070342	  0.00
-1.2401	-0.00073151	  0.00
-1.2381	-0.00067594	  0.00
-1.2360	-0.00077547	  0.00
-1.2341	-0.00075349	  0.00
-1.2320	-0.00065274	  0.00
-1.2300	-0.00068327	  0.00
-1.2280	-0.00067961	  0.00
-1.2261	-0.00065945	  0.00
-1.2241	-0.00073456	  0.00
-1.2221	-0.00066251	  0.00
-1.2200	-0.00066617	  0.00
-1.2179	-0.00065091	  0.00
-1.2161	-0.00072235	  0.00
-1.2140	-0.00071014	  0.00
-1.2119	-0.00068571	  0.00
-1.2100	-0.00072846	  0.00
-1.2080	-0.00068754	  0.00
-1.2061	-0.00069732	  0.00
-1.2039	-0.00069548	  0.00
-1.2020	-0.00064419	  0.00
-1.2000	-0.00071197	  0.00
-1.1981	-0.00061549	  0.00
-1.1961	-0.00076509	  0.00
-1.1940	-0.00065335	  0.00
-1.1920	-0.00068755	  0.00
-1.1899	-0.00069609	  0.00
-1.1880	-0.00064480	  0.00
-1.1859	-0.00063381	  0.00
-1.1840	-0.00061305	  0.00
-1.1821	-0.00062771	  0.00
-1.1799	-0.00065152	  0.00
-1.1780	-0.00063747	  0.00
-1.1761	-0.00058496	  0.00
-1.1741	-0.00061061	  0.00
-1.1721	-0.00064541	  0.00
-1.1700	-0.00064236	  0.00
-1.1680	-0.00059290	  0.00
-1.1661	-0.00058802	  0.00
-1.1641	-0.00054833	  0.00
-1.1620	-0.00053489	  0.00
-1.1600	-0.00052451	  0.00
-1.1579	-0.00049154	  0.00
-1.1563	-0.00044696	  0.00
-1.1540	-0.00047322	  0.00
-1.1520	-0.00040789	  0.00
-1.1500	-0.00037614	  0.00
-1.1480	-0.00036392	  0.00
-1.1458	-0.00028333	  0.00
-1.1441	-0.00031569	  0.00
-1.1420	-0.00020761	  0.00
-1.1400	-0.00019357	  0.00
-1.1380	-0.00010137	  0.00
-1.1360	-6.9625e-05	  0.00
-1.1339	-1.7722e-05	  0.00
-1.1320	0.00014590	  0.00
-1.1300	0.00019230	  0.00
-1.1280	0.00029549	  0.00
-1.1260	0.00032663	  0.00
-1.1239	0.00044141	  0.00
-1.1220	0.00061847	  0.00
-1.1200	0.00078942	  0.00
-1.1180	0.00089993	  0.00
-1.1160	0.0011386	  0.00
-1.1140	0.0013145	  0.00
-1.1120	0.0015068	  0.00
-1.1100	0.0017767	  0.00
-1.1080	0.0020276	  0.00
-1.1061	0.0024049	  0.00
-1.1040	0.0027663	  0.00
-1.1020	0.0032004	  0.00
-1.1001	0.0036754	  0.00
-1.0979	0.0041858	  0.00
-1.0957	0.0048397	  0.00
-1.0940	0.0054942	  0.00
-1.0920	0.0062256	  0.00
-1.0900	0.0071335	  0.00
-1.0881	0.0081916	  0.00
-1.0860	0.0092759	  0.00
-1.0840	0.010664	  0.00
-1.0820	0.012210	  0.00
-1.0800	0.013725	  0.00
-1.0780	0.015503	  0.00
-1.0761	0.017480	  0.00
-1.0740	0.019792	  0.00
-1.0720	0.022577	  0.00
-1.0700	0.025409	  0.00
-1.0681	0.028647	  0.00
-1.0660	0.032307	  0.00
-1.0640	0.036145	  0.00
-1.0620	0.040954	  0.00
-1.0600	0.045256	  0.00
-1.0579	0.051191	  0.00
-1.0561	0.057356	  0.00
-1.0539	0.063588	  0.00
-1.0520	0.071216	  0.00
-1.0500	0.078759	  0.00
-1.0480	0.087910	  0.00
-1.0462	0.096646	  0.00
-1.0440	0.10665	  0.00
-1.0421	0.11850	  0.00
-1.0400	0.12990	  0.00
-1.0380	0.14270	  0.00
-1.0361	0.15676	  0.00
-1.0340	0.17152	  0.00
-1.0320	0.18653	  0.00
-1.0301	0.20254	  0.00
-1.0279	0.22011	  0.00
-1.0259	0.23885	  0.00
-1.0241	0.25797	  0.00
-1.0220	0.27753	  0.00
-1.0200	0.29896	  0.00
-1.0181	0.31921	  0.00
-1.0161	0.34302	  0.00
-1.0140	0.36766	  0.00
-1.0120	0.39165	  0.00
-1.0100	0.41859	  0.00
-1.0079	0.44300	  0.00
-1.0059	0.47002	  0.00
-1.0040	0.49773	  0.00
-1.0020	0.52714	  0.00
-1.0000	0.55516	  0.00
-0.99810	0.58298	  0.00
-0.99620	0.61212	  0.00
-0.99400	0.64051	  0.00
-0.99200	0.66941	  0.00
-0.98990	0.69906	  0.00
-0.98810	0.72819	  0.00
-0.98600	0.75899	  0.00
-0.98410	0.78736	  0.00
-0.98200	0.81414	  0.00
-0.98010	0.84053	  0.00
-0.97780	0.86939	  0.00
-0.97610	0.89638	  0.00
-0.97400	0.92311	  0.00
-0.97200	0.94855	  0.00
-0.97000	0.97378	  0.00
-0.96800	0.99637	  0.00
-0.96600	1.0186	  0.00
-0.96420	1.0401	  0.00
-0.96190	1.0604	  0.00
-0.96010	1.0814	  0.00
-0.95800	1.1026	  0.00
-0.95610	1.1198	  0.00
-0.95410	1.1366	  0.00
-0.95200	1.1529	  0.00
-0.95000	1.1695	  0.00
-0.94800	1.1831	  0.00
-0.94580	1.1962	  0.00
-0.94390	1.2110	  0.00
-0.94200	1.2217	  0.00
-0.94000	1.2338	  0.00
-0.93790	1.2432	  0.00
-0.93590	1.2533	  0.00
-0.93400	1.2626	  0.00
-0.93200	1.2710	  0.00
-0.93010	1.2787	  0.00
-0.92800	1.2855	  0.00
-0.92600	1.2926	  0.00
-0.92400	1.2979	  0.00
-0.92200	1.3026	  0.00
-0.92000	1.3077	  0.00
-0.91800	1.3106	  0.00
-0.91590	1.3146	  0.00
-0.91400	1.3184	  0.00
-0.91200	1.3209	  0.00
-0.91000	1.3225	  0.00
-0.90800	1.3243	  0.00
-0.90600	1.3263	  0.00
-0.90400	1.3285	  0.00
-0.90200	1.3296	  0.00
-0.90000	1.3310	  0.00
-0.89800	1.3319	  0.00
-0.89600	1.3331	  0.00
-0.89400	1.3343	  0.00
-0.89190	1.3348	  0.00
-0.89000	1.3350	  0.00
-0.88810	1.3355	  0.00
-0.88600	1.3359	  0.00
-0.88390	1.3366	  0.00
-0.88200	1.3369	  0.00
-0.88000	1.3368	  0.00
-0.87800	1.3366	  0.00
-0.87600	1.3370	  0.00
-0.87400	1.3374	  0.00
-0.87200	1.3379	  0.00
-0.87000	1.3380	  0.00
-0.86810	1.3381	  0.00
-0.86610	1.3385	  0.00
-0.86390	1.3383	  0.00
-0.86200	1.3381	  0.00
-0.86000	1.3377	  0.00
-0.85800	1.3375	  0.00
-0.85590	1.3380	  0.00
-0.85390	1.3380	  0.00
-0.85200	1.3383	  0.00
-0.85000	1.3379	  0.00
-0.84800	1.3382	  0.00
-0.84600	1.3379	  0.00
-0.84420	1.3376	  0.00
-0.84200	1.3379	  0.00
-0.84000	1.3379	  0.00
-0.83800	1.3380	  0.00
-0.83610	1.3381	  0.00
-0.83400	1.3382	  0.00
-0.83200	1.3376	  0.00
-0.83000	1.3376	  0.00
-0.82800	1.3378	  0.00
-0.82600	1.3377	  0.00
-0.82400	1.3381	  0.00
-0.82200	1.3378	  0.00
-0.82000	1.3376	  0.00
-0.81800	1.3372	  0.00
-0.81610	1.3373	  0.00
-0.81400	1.3370	  0.00
-0.81200	1.3374	  0.00
-0.81000	1.3374	  0.00
-0.80800	1.3376	  0.00
-0.80610	1.3374	  0.00
-0.80400	1.3378	  0.00
-0.80200	1.3379	  0.00
-0.80000	1.3376	  0.00
-0.79800	1.3374	  0.00
-0.79600	1.3371	  0.00
-0.79390	1.3372	  0.00
-0.79200	1.3379	  0.00
-0.79000	1.3376	  0.00
-0.78800	1.3372	  0.00
-0.78600	1.3366	  0.00
-0.78410	1.3372	  0.00
-0.78200	1.3372	  0.00
-0.78000	1.3369	  0.00
-0.77800	1.3368	  0.00
-0.77600	1.3367	  0.00
-0.77400	1.3368	  0.00
-0.77200	1.3375	  0.00
-0.77000	1.3376	  0.00
-0.76790	1.3374	  0.00
-0.76600	1.3370	  0.00
-0.76400	1.3369	  0.00
-0.76200	1.3373	  0.00
-0.76000	1.3369	  0.00
-0.75790	1.3371	  0.00
-0.75600	1.3366	  0.00
-0.75390	1.3367	  0.00
-0.75200	1.3369	  0.00
-0.75000	1.3372	  0.00
-0.74800	1.3370	  0.00
-0.74610	1.3367	  0.00
-0.74400	1.3368	  0.00
-0.74200	1.3365	  0.00
-0.74000	1.3370	  0.00
-0.73800	1.3371	  0.00
-0.73600	1.3370	  0.00
-0.73400	1.3362	  0.00
-0.73200	1.3364	  0.00
-0.73000	1.3368	  0.00
-0.72830	1.3368	  0.00
-0.72600	1.3372	  0.00
-0.72390	1.3372	  0.00
-0.72200	1.3368	  0.00
-0.72000	1.3364	  0.00
-0.71800	1.3364	  0.00
-0.71610	1.3366	  0.00
-0.71390	1.3367	  0.00
-0.71200	1.3366	  0.00
-0.71000	1.3373	  0.00
-0.70790	1.3371	  0.00
-0.70600	1.3372	  0.00
-0.70410	1.3369	  0.00
-0.70200	1.3365	  0.00
-0.70000	1.3368	  0.00
-0.69790	1.3363	  0.00
-0.69600	1.3364	  0.00
-0.69390	1.3361	  0.00
-0.69200	1.3363	  0.00
-0.69000	1.3366	  0.00
-0.68800	1.3369	  0.00
-0.68610	1.3371	  0.00
-0.68410	1.3367	  0.00
-0.68200	1.3366	  0.00
-0.68000	1.3361	  0.00
-0.67790	1.3363	  0.00
-0.67590	1.3363	  0.00
-0.67400	1.3362	  0.00
-0.67200	1.3360	  0.00
-0.67000	1.3356	  0.00
-0.66800	1.3359	  0.00
-0.66600	1.3363	  0.00
-0.66400	1.3362	  0.00
-0.66200	1.3359	  0.00
-0.66000	1.3360	  0.00
-0.65810	1.3356	  0.00
-0.65600	1.3359	  0.00
-0.65390	1.3362	  0.00
-0.65200	1.3361	  0.00
-0.65010	1.3364	  0.00
-0.64810	1.3365	  0.00
-0.64600	1.3362	  0.00
-0.64390	1.3354	  0.00
-0.64200	1.3354	  0.00
-0.63990	1.3353	  0.00
-0.63800	1.3359	  0.00
-0.63590	1.3356	  0.00
-0.63390	1.3359	  0.00
-0.63200	1.3356	  0.00
-0.63000	1.3361	  0.00
-0.62800	1.3358	  0.00
-0.62600	1.3358	  0.00
-0.62390	1.3359	  0.00
-0.62200	1.3358	  0.00
-0.62000	1.3352	  0.00
-0.61800	1.3356	  0.00
-0.61610	1.3357	  0.00
-0.61400	1.3353	  0.00
-0.61200	1.3354	  0.00
-0.61010	1.3351	  0.00
-0.60790	1.3352	  0.00
-0.60600	1.3356	  0.00
-0.60410	1.3357	  0.00
-0.60200	1.3355	  0.00
-0.60000	1.3352	  0.00
-0.59790	1.3358	  0.00
-0.59590	1.3358	  0.00
-0.59400	1.3356	  0.00
-0.59200	1.3350	  0.00
-0.59000	1.3347	  0.00
-0.58800	1.3353	  0.00
-0.58600	1.3350	  0.00
-0.58400	1.3347	  0.00
-0.58200	1.3350	  0.00
-0.58010	1.3349	  0.00
-0.57800	1.3353	  0.00
-0.57600	1.3351	  0.00
-0.57400	1.3348	  0.00
-0.57200	1.3350	  0.00
-0.57000	1.3349	  0.00
-0.56800	1.3345	  0.00
-0.56610	1.3347	  0.00
-0.56400	1.3344	  0.00
-0.56200	1.3346	  0.00
-0.56000	1.3350	  0.00
-0.55810	1.3349	  0.00
-0.55600	1.3351	  0.00
-0.55400	1.3351	  0.00
-0.55200	1.3352	  0.00
-0.55000	1.3351	  0.00
-0.54800	1.3349	  0.00
-0.54590	1.3345	  0.00
-0.54400	1.3348	  0.00
-0.54200	1.3352	  0.00
-0.54000	1.3350	  0.00
-0.53800	1.3345	  0.00
-0.53610	1.3350	  0.00
-0.53390	1.3347	  0.00
-0.53200	1.3351	  0.00
-0.53000	1.3348	  0.00
-0.52800	1.3345	  0.00
-0.52600	1.3352	  0.00
-0.52400	1.3350	  0.00
-0.52200	1.3347	  0.00
-0.52000	1.3346	  0.00
-0.51800	1.3342	  0.00
-0.51610	1.3344	  0.00
-0.51410	1.3345	  0.00
-0.51200	1.3348	  0.00
-0.50990	1.3349	  0.00
-0.50800	1.3343	  0.00
-0.50600	1.3343	  0.00
-0.50400	1.3349	  0.00
-0.50210	1.3348	  0.00
-0.50000	1.3349	  0.00
-0.49800	1.3343	  0.00
-0.49610	1.3345	  0.00
-0.49400	1.3345	  0.00
-0.49200	1.3345	  0.00
-0.49000	1.3345	  0.00
-0.48810	1.3344	  0.00
-0.48610	1.3343	  0.00
-0.48410	1.3345	  0.00
-0.48200	1.3346	  0.00
-0.48000	1.3342	  0.00
-0.47800	1.3342	  0.00
-0.47600	1.3346	  0.00
-0.47410	1.3345	  0.00
-0.47200	1.3347	  0.00
-0.47000	1.3348	  0.00
-0.46800	1.3350	  0.00
-0.46590	1.3344	  0.00
-0.46390	1.3344	  0.00
-0.46210	1.3340	  0.00
-0.46000	1.3336	  0.00
-0.45810	1.3341	  0.00
-0.45600	1.3344	  0.00
-0.45400	1.3343	  0.00
-0.45190	1.3343	  0.00
-0.45000	1.3344	  0.00
-0.44800	1.3343	  0.00
-0.44560	1.3343	  0.00
-0.44400	1.3342	  0.00
-0.44200	1.3337	  0.00
-0.44000	1.3336	  0.00
-0.43790	1.3340	  0.00
-0.43610	1.3339	  0.00
-0.43410	1.3336	  0.00
-0.43200	1.3338	  0.00
-0.43000	1.3332	  0.00
-0.42790	1.3336	  0.00
-0.42600	1.3341	  0.00
-0.42400	1.3335	  0.00
-0.42200	1.3335	  0.00
-0.42000	1.3339	  0.00
-0.41790	1.3332	  0.00
-0.41600	1.3327	  0.00
-0.41400	1.3326	  0.00
-0.41200	1.3333	  0.00
-0.41000	1.3335	  0.00
-0.40810	1.3332	  0.00
-0.40600	1.3331	  0.00
-0.40410	1.3326	  0.00
-0.40200	1.3327	  0.00
-0.40000	1.3328	  0.00
-0.39800	1.3324	  0.00
-0.39600	1.3325	  0.00
-0.39400	1.3330	  0.00
-0.39200	1.3331	  0.00
-0.39000	1.3332	  0.00
-0.38800	1.3329	  0.00
-0.38610	1.3329	  0.00
-0.38410	1.3329	  0.00
-0.38200	1.3335	  0.00
-0.38000	1.3332	  0.00
-0.37790	1.3329	  0.00
-0.37610	1.3327	  0.00
-0.37400	1.3327	  0.00
-0.37210	1.3308	  0.00
-0.36990	1.3315	  0.00
-0.36810	1.3328	  0.00
-0.36590	1.3336	  0.00
-0.36410	1.3355	  0.00
-0.36200	1.3059	  0.00
-0.36010	1.3124	  0.00
-0.35790	1.3304	  0.00
-0.35590	1.3329	  0.00
-0.35400	1.3228	  0.00
-0.35190	1.3246	  0.00
-0.35000	1.3243	  0.00
-0.34810	1.3252	  0.00
-0.34610	1.3247	  0.00
-0.34400	1.3254	  0.00
-0.34200	1.3409	  0.00
-0.34000	1.3397	  0.00
-0.33800	1.3527	  0.00
-0.33610	1.3526	  0.00
-0.33430	1.3526	  0.00
-0.33200	1.3533	  0.00
-0.33000	1.3536	  0.00
-0.32800	1.3542	  0.00
-0.32600	1.3539	  0.00
-0.32390	1.3539	  0.00
-0.32200	1.3542	  0.00
-0.32000	1.3539	  0.00
-0.31800	1.3539	  0.00
-0.31610	1.3541	  0.00
-0.31400	1.3543	  0.00
-0.31200	1.3544	  0.00
-0.31010	1.3544	  0.00
-0.30790	1.3547	  0.00
-0.30600	1.3546	  0.00
-0.30400	1.3543	  0.00
-0.30200	1.3539	  0.00
-0.30000	1.3545	  0.00
-0.29800	1.3546	  0.00
-0.29610	1.3549	  0.00
-0.29400	1.3544	  0.00
-0.29200	1.3540	  0.00
-0.29000	1.3539	  0.00
-0.28810	1.3545	  0.00
-0.28600	1.3544	  0.00
-0.28400	1.3544	  0.00
-0.28200	1.3547	  0.00
-0.28000	1.3546	  0.00
-0.27800	1.3547	  0.00
-0.27590	1.3547	  0.00
-0.27400	1.3547	  0.00
-0.27200	1.3543	  0.00
-0.27000	1.3545	  0.00
-0.26810	1.3541	  0.00
-0.26580	1.3539	  0.00
-0.26400	1.3540	  0.00
-0.26200	1.3544	  0.00
-0.25990	1.3546	  0.00
-0.25800	1.3544	  0.00
-0.25590	1.3543	  0.00
-0.25390	1.3543	  0.00
-0.25200	1.3545	  0.00
-0.25000	1.3538	  0.00
-0.24790	1.3536	  0.00
-0.24600	1.3544	  0.00
-0.24410	1.3542	  0.00
-0.24200	1.3544	  0.00
-0.24010	1.3542	  0.00
-0.23790	1.3545	  0.00
-0.23600	1.3546	  0.00
-0.23410	1.3547	  0.00
-0.23200	1.3543	  0.00
-0.23000	1.3543	  0.00
-0.22800	1.3540	  0.00
-0.22600	1.3543	  0.00
-0.22390	1.3543	  0.00
-0.22200	1.3542	  0.00
-0.21990	1.3543	  0.00
-0.21810	1.3547	  0.00
-0.21610	1.3546	  0.00
-0.21390	1.3545	  0.00
-0.21210	1.3544	  0.00
-0.21000	1.3540	  0.00
-0.20800	1.3543	  0.00
-0.20610	1.3544	  0.00
-0.20400	1.3544	  0.00
-0.20200	1.3541	  0.00
-0.20010	1.3539	  0.00
-0.19800	1.3541	  0.00
-0.19600	1.3542	  0.00
-0.19400	1.3544	  0.00
-0.19200	1.3546	  0.00
-0.19000	1.3545	  0.00
-0.18810	1.3537	  0.00
-0.18600	1.3534	  0.00
-0.18400	1.3533	  0.00
-0.18200	1.3538	  0.00
-0.18000	1.3537	  0.00
-0.17800	1.3541	  0.00
-0.17610	1.3535	  0.00
-0.17400	1.3541	  0.00
-0.17200	1.3540	  0.00
-0.17000	1.3542	  0.00
-0.16810	1.3536	  0.00
-0.16610	1.3534	  0.00
-0.16390	1.3534	  0.00
-0.16200	1.3535	  0.00
-0.16000	1.3538	  0.00
-0.15790	1.3538	  0.00
-0.15600	1.3533	  0.00
-0.15400	1.3528	  0.00
-0.15190	1.3532	  0.00
-0.15000	1.3535	  0.00
-0.14790	1.3535	  0.00
-0.14590	1.3532	  0.00
-0.14390	1.3533	  0.00
-0.14200	1.3532	  0.00
-0.14000	1.3537	  0.00
-0.13800	1.3535	  0.00
-0.13590	1.3529	  0.00
-0.13400	1.3530	  0.00
-0.13190	1.3533	  0.00
-0.13000	1.3532	  0.00
-0.12810	1.3534	  0.00
-0.12580	1.3535	  0.00
-0.12400	1.3534	  0.00
-0.12200	1.3529	  0.00
-0.11990	1.3530	  0.00
-0.11800	1.3525	  0.00
-0.11600	1.3523	  0.00
-0.11400	1.3527	  0.00
-0.11200	1.3526	  0.00
-0.11000	1.3529	  0.00
-0.10790	1.3532	  0.00
-0.10630	1.3525	  0.00
-0.10400	1.3523	  0.00
-0.10200	1.3527	  0.00
-0.099900	1.3528	  0.00
-0.098000	1.3522	  0.00
-0.095900	1.3528	  0.00
-0.094000	1.3527	  0.00
-0.092000	1.3526	  0.00
-0.090000	1.3523	  0.00
-0.088300	1.3525	  0.00
-0.086000	1.3526	  0.00
-0.084000	1.3525	  0.00
-0.082000	1.3526	  0.00
-0.079900	1.3528	  0.00
-0.078000	1.3527	  0.00
-0.076200	1.3524	  0.00
-0.073900	1.3524	  0.00
-0.072000	1.3517	  0.00
-0.070000	1.3518	  0.00
-0.068000	1.3521	  0.00
-0.066200	1.3524	  0.00
-0.064000	1.3527	  0.00
-0.062000	1.3522	  0.00
-0.060000	1.3522	  0.00
-0.058000	1.3521	  0.00
-0.056100	1.3525	  0.00
-0.054000	1.3521	  0.00
-0.052000	1.3523	  0.00
-0.050000	1.3521	  0.00
-0.048000	1.3516	  0.00
-0.045900	1.3519	  0.00
-0.044000	1.3522	  0.00
-0.042000	1.3517	  0.00
-0.040000	1.3523	  0.00
-0.037900	1.3522	  0.00
-0.036100	1.3523	  0.00
-0.033900	1.3521	  0.00
-0.032000	1.3519	  0.00
-0.030000	1.3518	  0.00
-0.028000	1.3515	  0.00
-0.025900	1.3518	  0.00
-0.024000	1.3518	  0.00
-0.022100	1.3524	  0.00
-0.020000	1.3517	  0.00
-0.018100	1.3518	  0.00
-0.016000	1.3514	  0.00
-0.013900	1.3521	  0.00
-0.012000	1.3521	  0.00
-0.010100	1.3521	  0.00
-0.0080000	1.3520	  0.00
-0.0060000	1.3517	  0.00
-0.0040000	1.3517	  0.00
-0.0020000	1.3517	  0.00
-0.00010000	1.3519	  0.00
