 &SRS
 SRSRUN=315029,SRSDAT=2012910,SRSTIM=115941,
 SRSSTN='BASE',SRSPRJ='GDA_BASE',SRSEXP='Emulator',
 SRSTLE='                                                            ',
 SRSCN1='        ',SRSCN2='        ',SRSCN3='        ',
<MetaDataAtStart>
date='Wed Oct 10 11:59:39 2012'
Year=2012
Month=10
Day=10
Hours=11
Minutes=59
Seconds=39
delta=87.20000
eta=45.0300
chi= 43.95000
phi= 117.99023
gam=0.00000
mu= 0.00000
h=4.1023
k=-5.1569
l=-7.4712
psi=65.808
Energy=8.9500
kphi=137.78
azih=1
azik=0
azil=0
h=4.1023
k=-5.1569
l=-7.4712
beta=36.3884
delta_axis_offset=    9
UB11=-0.02671
UB12=-0.05717
UB13=0.07275
UB21=-0.04244
UB22=-0.08222
UB23=-0.04968
UB31=0.10612
UB32=-0.04727
UB33=-0.00156
a=8.52000
b=9.03000
c=11.35000
alpha1=90.00000
alpha2=90.00000
alpha3=90.00000
rc=298.9665
idgap=7.796
Uharmonic=7
s5xgap=    3
s5xtrans=0.0002
s5ygap=3.0002
s5ytrans=10e-05
s6xgap=5.0002
s6xtrans=10e-05
s6ygap=5.0002
s6ytrans=    0
stoke=0.000
tthp=56.395
thp=-0.0000
zp=-29.440
ppth=-0.03928
ppx=22.000
ppy=8.000
ppchi=0.000
sx=-0.07777
sy=1.7502
sz=10.18
sperp=-0.7528
spara=1.5820
base_y=0.213
Base_z=1.915
Base_z1=3.435
Base_z2=1.545
Base_z3=1.915
table_horiz=12.069
table_vert=-5.770
Atten=80
Transmission=0.00246
diode_gain=0
ic1_gain=2
ic2_gain=1
m1pitch=3.5999
m1x=0.50002
m1y=-0.72611
m1roll=-0.085425
m1yaw=0.34782
m1piezo=-0.100
m2pitch=  3.6
m2x=13.15
m2y=-7.0384
m2roll=0.46048
m2yaw=0.098581
m2bender=  340
m3x=0.000
m4x=0.830
m3pitch=0.170
m4pitch=0.170
s1xcentre=-0.002
s1xgap=3.004
s1ycentre=0.0015
s1ygap=0.993
s2xcentre=0.96679
s2xgap=5.0007
s2ycentre=0.3885
s2ygap=    5
s3xcentre=-1.3852
s3xgap=15.992
s3ycentre=0.71625
s3ygap=16.002
s4xcentre=12.896
s4xgap=   15
s4ycentre=1.5637
s4ygap=15.934
Energy=8.9500
bragg=-12.595
dcmpitch=-6.8907
dcmfinepitch=0.010263
perp=40.761
dcmlat=27.995
dcmroll1=19.948
dcmroll2=18.715
T1dcmSi111=97.96
T2dcmSi111=83.59
Tset=60.00
Ta=256.022000
Tb=263.463000
Tc=3.150000
Td=0.000000
m1y_offset=-14.389
m2y_offset=-20.702
base_z_offset=-11.748
ztable_offset=-19.433
m2_coating_offset=    0
idgap_offset=0.54318
p2x1=20.815
p2y1=124.3
p2ztop=-294.6
p2zbot= -930
p2rot=231.28

pilatus100k_path_template='315029-pilatus100k-files/%05d.tif'
</MetaDataAtStart>
 &END
eta	TimeSec	ic1monitor	rc	t	path	maxx	maxy	maxval	sum
44.8300	1026816.462	796.861596	298.9602	1.000000	1	255	103	24.000000	324555.000000
44.8400	1026818.116	795.915218	298.9524	1.000000	2	255	103	30.000000	326681.000000
44.8500	1026819.784	794.785659	298.9455	1.000000	3	255	103	21.000000	327949.000000
44.8600	1026821.445	795.762551	298.9392	1.000000	4	216	115	22.000000	329492.000000
44.8700	1026823.104	795.732036	298.9317	1.000000	5	255	103	63.000000	330384.000000
44.8800	1026824.753	795.457264	298.9244	1.000000	6	220	129	21.000000	331607.000000
44.8900	1026826.419	795.701522	298.9168	1.000000	7	255	103	58.000000	332986.000000
44.9000	1026828.037	795.701522	298.9131	1.000000	8	255	103	28.000000	334527.000000
44.9100	1026847.502	802.539954	301.4784	1.000000	9	225	115	23.000000	336604.000000
44.9200	1026849.147	802.234667	301.4742	1.000000	10	266	113	34.000000	341275.000000
44.9300	1026850.786	801.929379	301.4631	1.000000	11	248	124	25.000000	342406.000000
44.9400	1026852.405	802.051485	301.4531	1.000000	12	250	124	28.000000	344245.000000
44.9500	1026854.060	801.868303	301.4442	1.000000	13	255	103	36.000000	345936.000000
44.9600	1026855.681	801.440910	301.4311	1.000000	14	255	103	41.000000	348675.000000
44.9700	1026857.343	802.326258	301.4198	1.000000	15	255	103	44.000000	349452.000000
44.9800	1026858.963	801.593577	301.4149	1.000000	16	255	103	42.000000	350668.000000
44.9900	1026860.626	802.417849	301.4070	1.000000	17	255	103	42.000000	354274.000000
45.0000	1026862.243	802.295743	301.3946	1.000000	18	255	103	60.000000	354823.000000
45.0100	1026863.865	802.448363	301.3869	1.000000	19	255	103	26.000000	358438.000000
45.0200	1026865.493	802.509440	301.3781	1.000000	20	255	103	49.000000	360150.000000
45.0300	1026867.143	803.058939	301.3699	1.000000	21	255	103	81.000000	361030.000000
45.0400	1026868.751	802.265182	301.3634	1.000000	22	255	103	49.000000	364345.000000
45.0500	1026870.414	802.539954	301.3560	1.000000	23	255	103	41.000000	365496.000000
45.0600	1026872.071	803.181044	301.3467	1.000000	24	265	129	33.000000	367336.000000
45.0700	1026873.743	801.990455	301.3396	1.000000	25	255	103	56.000000	370962.000000
45.0800	1026875.401	801.501986	301.3333	1.000000	26	255	103	65.000000	373485.000000
45.0900	1026877.018	801.685168	301.3260	1.000000	27	255	103	61.000000	375536.000000
45.1000	1026878.670	801.715683	301.3183	1.000000	28	255	103	82.000000	378179.000000
45.1100	1026880.287	801.349319	301.3121	1.000000	29	255	103	95.000000	385786.000000
45.1200	1026881.951	801.654606	301.3052	1.000000	30	255	103	67.000000	389429.000000
45.1300	1026883.602	801.868303	301.2999	1.000000	31	255	103	80.000000	390990.000000
45.1400	1026885.253	801.776712	301.2908	1.000000	32	255	103	89.000000	394319.000000
45.1500	1026886.923	802.509440	301.2862	1.000000	33	255	103	76.000000	395920.000000
45.1600	1026888.541	802.478878	301.2761	1.000000	34	271	102	67.000000	398088.000000
45.1700	1026890.139	801.349319	301.2666	1.000000	35	255	103	73.000000	402350.000000
45.1800	1026891.784	801.593577	301.2588	1.000000	36	255	103	96.000000	406837.000000
45.1900	1026893.434	802.906318	301.2530	1.000000	37	270	103	130.000000	409183.000000
45.2000	1026895.054	801.837788	301.2456	1.000000	38	266	131	117.000000	412669.000000
45.2100	1026896.673	802.875757	301.2390	1.000000	39	267	131	344.000000	418973.000000
45.2200	1026898.325	801.837788	301.2291	1.000000	40	255	103	104.000000	421378.000000
45.2300	1026899.957	801.837788	301.2215	1.000000	41	255	103	129.000000	427594.000000
